21
30
3 3 7 7 3 3 3 7 7 7 7 7 7 3 3 7 3 3 7 3 3
300 450 1005 335 300 450 300 670 1005 1005 670 335 1005 450 450 335 150 300 1005 450 150
1 1 2 30
1 1 3 30
1 2 19 30
1 2 20 30
1 3 5 240
1 3 6 240
1 3 7 240
1 3 8 240
1 3 9 240
1 3 10 240
1 3 11 240
1 3 12 240
1 3 13 240
2 1 2 30
2 1 3 30
2 2 19 30
2 2 20 30
2 3 5 240
2 3 6 240
2 3 7 240
2 3 8 240
2 3 9 240
2 3 10 240
2 3 11 240
2 3 12 240
2 3 13 240
3 1 2 20
3 1 3 20
3 2 14 50
3 2 15 50
3 2 16 50
3 3 5 240
3 3 6 240
3 3 7 240
3 3 8 240
3 3 9 240
3 3 10 240
3 3 11 240
3 3 12 240
3 3 13 240
3 4 21 160
3 4 22 160
3 5 23 60
3 5 24 60
3 5 25 60
3 6 26 70
3 6 27 70
3 7 28 70
3 7 29 70
3 7 30 70
4 1 2 20
4 1 3 20
4 2 14 50
4 2 15 50
4 2 16 50
4 3 5 240
4 3 6 240
4 3 7 240
4 3 8 240
4 3 9 240
4 3 10 240
4 3 11 240
4 3 12 240
4 3 13 240
4 4 21 160
4 4 22 160
4 5 23 60
4 5 24 60
4 5 25 60
4 6 26 70
4 6 27 70
4 7 28 70
4 7 29 70
4 7 30 70
5 1 2 30
5 1 3 30
5 2 19 30
5 2 20 30
5 3 5 240
5 3 6 240
5 3 7 240
5 3 8 240
5 3 9 240
5 3 10 240
5 3 11 240
5 3 12 240
5 3 13 240
6 1 2 30
6 1 3 30
6 2 19 30
6 2 20 30
6 3 5 240
6 3 6 240
6 3 7 240
6 3 8 240
6 3 9 240
6 3 10 240
6 3 11 240
6 3 12 240
6 3 13 240
7 1 2 30
7 1 3 30
7 2 19 30
7 2 20 30
7 3 5 240
7 3 6 240
7 3 7 240
7 3 8 240
7 3 9 240
7 3 10 240
7 3 11 240
7 3 12 240
7 3 13 240
8 1 2 20
8 1 3 20
8 2 14 50
8 2 15 50
8 2 16 50
8 3 5 240
8 3 6 240
8 3 7 240
8 3 8 240
8 3 9 240
8 3 10 240
8 3 11 240
8 3 12 240
8 3 13 240
8 4 21 160
8 4 22 160
8 5 23 60
8 5 24 60
8 5 25 60
8 6 26 70
8 6 27 70
8 7 28 70
8 7 29 70
8 7 30 70
9 1 2 20
9 1 3 20
9 2 14 50
9 2 15 50
9 2 16 50
9 3 5 240
9 3 6 240
9 3 7 240
9 3 8 240
9 3 9 240
9 3 10 240
9 3 11 240
9 3 12 240
9 3 13 240
9 4 21 160
9 4 22 160
9 5 23 60
9 5 24 60
9 5 25 60
9 6 26 70
9 6 27 70
9 7 28 70
9 7 29 70
9 7 30 70
10 1 2 20
10 1 3 20
10 2 14 50
10 2 15 50
10 2 16 50
10 3 5 240
10 3 6 240
10 3 7 240
10 3 8 240
10 3 9 240
10 3 10 240
10 3 11 240
10 3 12 240
10 3 13 240
10 4 21 160
10 4 22 160
10 5 23 60
10 5 24 60
10 5 25 60
10 6 26 70
10 6 27 70
10 7 28 70
10 7 29 70
10 7 30 70
11 1 2 20
11 1 3 20
11 2 14 50
11 2 15 50
11 2 16 50
11 3 5 240
11 3 6 240
11 3 7 240
11 3 8 240
11 3 9 240
11 3 10 240
11 3 11 240
11 3 12 240
11 3 13 240
11 4 21 160
11 4 22 160
11 5 23 60
11 5 24 60
11 5 25 60
11 6 26 70
11 6 27 70
11 7 28 70
11 7 29 70
11 7 30 70
12 1 2 20
12 1 3 20
12 2 14 50
12 2 15 50
12 2 16 50
12 3 5 240
12 3 6 240
12 3 7 240
12 3 8 240
12 3 9 240
12 3 10 240
12 3 11 240
12 3 12 240
12 3 13 240
12 4 21 160
12 4 22 160
12 5 23 60
12 5 24 60
12 5 25 60
12 6 26 70
12 6 27 70
12 7 28 70
12 7 29 70
12 7 30 70
13 1 2 20
13 1 3 20
13 2 14 50
13 2 15 50
13 2 16 50
13 3 5 240
13 3 6 240
13 3 7 240
13 3 8 240
13 3 9 240
13 3 10 240
13 3 11 240
13 3 12 240
13 3 13 240
13 4 21 160
13 4 22 160
13 5 23 60
13 5 24 60
13 5 25 60
13 6 26 70
13 6 27 70
13 7 28 70
13 7 29 70
13 7 30 70
14 1 2 30
14 1 3 30
14 2 19 30
14 2 20 30
14 3 5 240
14 3 6 240
14 3 7 240
14 3 8 240
14 3 9 240
14 3 10 240
14 3 11 240
14 3 12 240
14 3 13 240
15 1 2 30
15 1 3 30
15 2 19 30
15 2 20 30
15 3 5 240
15 3 6 240
15 3 7 240
15 3 8 240
15 3 9 240
15 3 10 240
15 3 11 240
15 3 12 240
15 3 13 240
16 1 2 20
16 1 3 20
16 2 14 50
16 2 15 50
16 2 16 50
16 3 5 240
16 3 6 240
16 3 7 240
16 3 8 240
16 3 9 240
16 3 10 240
16 3 11 240
16 3 12 240
16 3 13 240
16 4 21 160
16 4 22 160
16 5 23 60
16 5 24 60
16 5 25 60
16 6 26 70
16 6 27 70
16 7 28 70
16 7 29 70
16 7 30 70
17 1 2 30
17 1 3 30
17 2 19 30
17 2 20 30
17 3 5 240
17 3 6 240
17 3 7 240
17 3 8 240
17 3 9 240
17 3 10 240
17 3 11 240
17 3 12 240
17 3 13 240
18 1 2 30
18 1 3 30
18 2 19 30
18 2 20 30
18 3 5 240
18 3 6 240
18 3 7 240
18 3 8 240
18 3 9 240
18 3 10 240
18 3 11 240
18 3 12 240
18 3 13 240
19 1 2 20
19 1 3 20
19 2 14 50
19 2 15 50
19 2 16 50
19 3 5 240
19 3 6 240
19 3 7 240
19 3 8 240
19 3 9 240
19 3 10 240
19 3 11 240
19 3 12 240
19 3 13 240
19 4 21 160
19 4 22 160
19 5 23 60
19 5 24 60
19 5 25 60
19 6 26 70
19 6 27 70
19 7 28 70
19 7 29 70
19 7 30 70
20 1 2 30
20 1 3 30
20 2 19 30
20 2 20 30
20 3 5 240
20 3 6 240
20 3 7 240
20 3 8 240
20 3 9 240
20 3 10 240
20 3 11 240
20 3 12 240
20 3 13 240
21 1 2 30
21 1 3 30
21 2 19 30
21 2 20 30
21 3 5 240
21 3 6 240
21 3 7 240
21 3 8 240
21 3 9 240
21 3 10 240
21 3 11 240
21 3 12 240
21 3 13 240
