8
30
2 6 6 6 6 2 6 6
60 565 355 355 1130 60 1065 1065
1 1 4 10
1 2 17 50
1 2 18 50
2 1 4 20
2 2 14 140
2 2 15 140
2 2 16 140
2 3 21 410
2 3 22 410
2 4 23 110
2 4 24 110
2 4 25 110
2 5 26 270
2 5 27 270
2 6 28 180
2 6 29 180
2 6 30 180
3 1 2 30
3 1 3 30
3 2 14 40
3 2 15 40
3 2 16 40
3 3 21 240
3 3 22 240
3 4 23 120
3 4 24 120
3 4 25 120
3 5 26 140
3 5 27 140
3 6 28 140
3 6 29 140
3 6 30 140
4 1 2 30
4 1 3 30
4 2 14 40
4 2 15 40
4 2 16 40
4 3 21 240
4 3 22 240
4 4 23 120
4 4 24 120
4 4 25 120
4 5 26 140
4 5 27 140
4 6 28 140
4 6 29 140
4 6 30 140
5 1 4 20
5 2 14 140
5 2 15 140
5 2 16 140
5 3 21 410
5 3 22 410
5 4 23 110
5 4 24 110
5 4 25 110
5 5 26 270
5 5 27 270
5 6 28 180
5 6 29 180
5 6 30 180
6 1 4 10
6 2 17 50
6 2 18 50
7 1 2 30
7 1 3 30
7 2 14 40
7 2 15 40
7 2 16 40
7 3 21 240
7 3 22 240
7 4 23 120
7 4 24 120
7 4 25 120
7 5 26 140
7 5 27 140
7 6 28 140
7 6 29 140
7 6 30 140
8 1 2 30
8 1 3 30
8 2 14 40
8 2 15 40
8 2 16 40
8 3 21 240
8 3 22 240
8 4 23 120
8 4 24 120
8 4 25 120
8 5 26 140
8 5 27 140
8 6 28 140
8 6 29 140
8 6 30 140
