5
30
7 7 6 1 1
1005 1005 1130 105 20
1 1 2 20
1 1 3 20
1 2 14 50
1 2 15 50
1 2 16 50
1 3 5 240
1 3 6 240
1 3 7 240
1 3 8 240
1 3 9 240
1 3 10 240
1 3 11 240
1 3 12 240
1 3 13 240
1 4 21 160
1 4 22 160
1 5 23 60
1 5 24 60
1 5 25 60
1 6 26 70
1 6 27 70
1 7 28 70
1 7 29 70
1 7 30 70
2 1 2 20
2 1 3 20
2 2 14 50
2 2 15 50
2 2 16 50
2 3 5 240
2 3 6 240
2 3 7 240
2 3 8 240
2 3 9 240
2 3 10 240
2 3 11 240
2 3 12 240
2 3 13 240
2 4 21 160
2 4 22 160
2 5 23 60
2 5 24 60
2 5 25 60
2 6 26 70
2 6 27 70
2 7 28 70
2 7 29 70
2 7 30 70
3 1 4 20
3 2 14 140
3 2 15 140
3 2 16 140
3 3 21 410
3 3 22 410
3 4 23 110
3 4 24 110
3 4 25 110
3 5 26 270
3 5 27 270
3 6 28 180
3 6 29 180
3 6 30 180
4 1 17 70
4 1 18 70
5 1 17 40
5 1 18 40
