6
30
2 6 6 6 2 2
90 565 1695 565 30 30
1 1 4 10
1 2 17 50
1 2 18 50
2 1 4 20
2 2 14 140
2 2 15 140
2 2 16 140
2 3 21 410
2 3 22 410
2 4 23 110
2 4 24 110
2 4 25 110
2 5 26 270
2 5 27 270
2 6 28 180
2 6 29 180
2 6 30 180
3 1 4 20
3 2 14 140
3 2 15 140
3 2 16 140
3 3 21 410
3 3 22 410
3 4 23 110
3 4 24 110
3 4 25 110
3 5 26 270
3 5 27 270
3 6 28 180
3 6 29 180
3 6 30 180
4 1 4 20
4 2 14 140
4 2 15 140
4 2 16 140
4 3 21 410
4 3 22 410
4 4 23 110
4 4 24 110
4 4 25 110
4 5 26 270
4 5 27 270
4 6 28 180
4 6 29 180
4 6 30 180
5 1 4 10
5 2 17 50
5 2 18 50
6 1 4 10
6 2 17 50
6 2 18 50
