5
30
6 6 6 6 6
565 710 1065 565 710
1 1 4 20
1 2 14 140
1 2 15 140
1 2 16 140
1 3 21 410
1 3 22 410
1 4 23 110
1 4 24 110
1 4 25 110
1 5 26 270
1 5 27 270
1 6 28 180
1 6 29 180
1 6 30 180
2 1 2 30
2 1 3 30
2 2 14 40
2 2 15 40
2 2 16 40
2 3 21 240
2 3 22 240
2 4 23 120
2 4 24 120
2 4 25 120
2 5 26 140
2 5 27 140
2 6 28 140
2 6 29 140
2 6 30 140
3 1 2 30
3 1 3 30
3 2 14 40
3 2 15 40
3 2 16 40
3 3 21 240
3 3 22 240
3 4 23 120
3 4 24 120
3 4 25 120
3 5 26 140
3 5 27 140
3 6 28 140
3 6 29 140
3 6 30 140
4 1 4 20
4 2 14 140
4 2 15 140
4 2 16 140
4 3 21 410
4 3 22 410
4 4 23 110
4 4 24 110
4 4 25 110
4 5 26 270
4 5 27 270
4 6 28 180
4 6 29 180
4 6 30 180
5 1 2 30
5 1 3 30
5 2 14 40
5 2 15 40
5 2 16 40
5 3 21 240
5 3 22 240
5 4 23 120
5 4 24 120
5 4 25 120
5 5 26 140
5 5 27 140
5 6 28 140
5 6 29 140
5 6 30 140
