4
30
7 6 6 7
750 1695 565 1500
1 1 2 50
1 1 3 50
1 2 19 60
1 2 20 60
1 3 5 480
1 3 6 480
1 3 7 480
1 3 8 480
1 3 9 480
1 3 10 480
1 3 11 480
1 3 12 480
1 3 13 480
1 4 21 300
1 4 22 300
1 5 23 160
1 5 24 160
1 5 25 160
1 6 26 270
1 6 27 270
1 7 28 180
1 7 29 180
1 7 30 180
2 1 4 20
2 2 14 140
2 2 15 140
2 2 16 140
2 3 21 410
2 3 22 410
2 4 23 110
2 4 24 110
2 4 25 110
2 5 26 270
2 5 27 270
2 6 28 180
2 6 29 180
2 6 30 180
3 1 4 20
3 2 14 140
3 2 15 140
3 2 16 140
3 3 21 410
3 3 22 410
3 4 23 110
3 4 24 110
3 4 25 110
3 5 26 270
3 5 27 270
3 6 28 180
3 6 29 180
3 6 30 180
4 1 2 50
4 1 3 50
4 2 19 60
4 2 20 60
4 3 5 480
4 3 6 480
4 3 7 480
4 3 8 480
4 3 9 480
4 3 10 480
4 3 11 480
4 3 12 480
4 3 13 480
4 4 21 300
4 4 22 300
4 5 23 160
4 5 24 160
4 5 25 160
4 6 26 270
4 6 27 270
4 7 28 180
4 7 29 180
4 7 30 180
