12
30
6 3 3 3 6 3 3 6 3 6 3 3
1130 155 465 155 565 310 465 1130 465 1695 155 310
1 1 4 20
1 2 14 140
1 2 15 140
1 2 16 140
1 3 21 410
1 3 22 410
1 4 23 110
1 4 24 110
1 4 25 110
1 5 26 270
1 5 27 270
1 6 28 180
1 6 29 180
1 6 30 180
2 1 2 20
2 1 3 20
2 2 14 50
2 2 15 50
2 2 16 50
2 3 5 240
2 3 6 240
2 3 7 240
2 3 8 240
2 3 9 240
2 3 10 240
2 3 11 240
2 3 12 240
2 3 13 240
3 1 2 20
3 1 3 20
3 2 14 50
3 2 15 50
3 2 16 50
3 3 5 240
3 3 6 240
3 3 7 240
3 3 8 240
3 3 9 240
3 3 10 240
3 3 11 240
3 3 12 240
3 3 13 240
4 1 2 20
4 1 3 20
4 2 14 50
4 2 15 50
4 2 16 50
4 3 5 240
4 3 6 240
4 3 7 240
4 3 8 240
4 3 9 240
4 3 10 240
4 3 11 240
4 3 12 240
4 3 13 240
5 1 4 20
5 2 14 140
5 2 15 140
5 2 16 140
5 3 21 410
5 3 22 410
5 4 23 110
5 4 24 110
5 4 25 110
5 5 26 270
5 5 27 270
5 6 28 180
5 6 29 180
5 6 30 180
6 1 2 20
6 1 3 20
6 2 14 50
6 2 15 50
6 2 16 50
6 3 5 240
6 3 6 240
6 3 7 240
6 3 8 240
6 3 9 240
6 3 10 240
6 3 11 240
6 3 12 240
6 3 13 240
7 1 2 20
7 1 3 20
7 2 14 50
7 2 15 50
7 2 16 50
7 3 5 240
7 3 6 240
7 3 7 240
7 3 8 240
7 3 9 240
7 3 10 240
7 3 11 240
7 3 12 240
7 3 13 240
8 1 4 20
8 2 14 140
8 2 15 140
8 2 16 140
8 3 21 410
8 3 22 410
8 4 23 110
8 4 24 110
8 4 25 110
8 5 26 270
8 5 27 270
8 6 28 180
8 6 29 180
8 6 30 180
9 1 2 20
9 1 3 20
9 2 14 50
9 2 15 50
9 2 16 50
9 3 5 240
9 3 6 240
9 3 7 240
9 3 8 240
9 3 9 240
9 3 10 240
9 3 11 240
9 3 12 240
9 3 13 240
10 1 4 20
10 2 14 140
10 2 15 140
10 2 16 140
10 3 21 410
10 3 22 410
10 4 23 110
10 4 24 110
10 4 25 110
10 5 26 270
10 5 27 270
10 6 28 180
10 6 29 180
10 6 30 180
11 1 2 20
11 1 3 20
11 2 14 50
11 2 15 50
11 2 16 50
11 3 5 240
11 3 6 240
11 3 7 240
11 3 8 240
11 3 9 240
11 3 10 240
11 3 11 240
11 3 12 240
11 3 13 240
12 1 2 20
12 1 3 20
12 2 14 50
12 2 15 50
12 2 16 50
12 3 5 240
12 3 6 240
12 3 7 240
12 3 8 240
12 3 9 240
12 3 10 240
12 3 11 240
12 3 12 240
12 3 13 240
