19
30
3 3 7 2 2 3 3 7 2 3 3 7 3 2 3 2 3 7 3
465 155 2250 70 105 465 155 750 35 310 155 750 155 70 155 105 310 1500 155
1 1 2 20
1 1 3 20
1 2 14 50
1 2 15 50
1 2 16 50
1 3 5 240
1 3 6 240
1 3 7 240
1 3 8 240
1 3 9 240
1 3 10 240
1 3 11 240
1 3 12 240
1 3 13 240
2 1 2 20
2 1 3 20
2 2 14 50
2 2 15 50
2 2 16 50
2 3 5 240
2 3 6 240
2 3 7 240
2 3 8 240
2 3 9 240
2 3 10 240
2 3 11 240
2 3 12 240
2 3 13 240
3 1 2 50
3 1 3 50
3 2 19 60
3 2 20 60
3 3 5 480
3 3 6 480
3 3 7 480
3 3 8 480
3 3 9 480
3 3 10 480
3 3 11 480
3 3 12 480
3 3 13 480
3 4 21 300
3 4 22 300
3 5 23 160
3 5 24 160
3 5 25 160
3 6 26 270
3 6 27 270
3 7 28 180
3 7 29 180
3 7 30 180
4 1 2 30
4 1 3 30
4 2 14 40
4 2 15 40
4 2 16 40
5 1 2 30
5 1 3 30
5 2 14 40
5 2 15 40
5 2 16 40
6 1 2 20
6 1 3 20
6 2 14 50
6 2 15 50
6 2 16 50
6 3 5 240
6 3 6 240
6 3 7 240
6 3 8 240
6 3 9 240
6 3 10 240
6 3 11 240
6 3 12 240
6 3 13 240
7 1 2 20
7 1 3 20
7 2 14 50
7 2 15 50
7 2 16 50
7 3 5 240
7 3 6 240
7 3 7 240
7 3 8 240
7 3 9 240
7 3 10 240
7 3 11 240
7 3 12 240
7 3 13 240
8 1 2 50
8 1 3 50
8 2 19 60
8 2 20 60
8 3 5 480
8 3 6 480
8 3 7 480
8 3 8 480
8 3 9 480
8 3 10 480
8 3 11 480
8 3 12 480
8 3 13 480
8 4 21 300
8 4 22 300
8 5 23 160
8 5 24 160
8 5 25 160
8 6 26 270
8 6 27 270
8 7 28 180
8 7 29 180
8 7 30 180
9 1 2 30
9 1 3 30
9 2 14 40
9 2 15 40
9 2 16 40
10 1 2 20
10 1 3 20
10 2 14 50
10 2 15 50
10 2 16 50
10 3 5 240
10 3 6 240
10 3 7 240
10 3 8 240
10 3 9 240
10 3 10 240
10 3 11 240
10 3 12 240
10 3 13 240
11 1 2 20
11 1 3 20
11 2 14 50
11 2 15 50
11 2 16 50
11 3 5 240
11 3 6 240
11 3 7 240
11 3 8 240
11 3 9 240
11 3 10 240
11 3 11 240
11 3 12 240
11 3 13 240
12 1 2 50
12 1 3 50
12 2 19 60
12 2 20 60
12 3 5 480
12 3 6 480
12 3 7 480
12 3 8 480
12 3 9 480
12 3 10 480
12 3 11 480
12 3 12 480
12 3 13 480
12 4 21 300
12 4 22 300
12 5 23 160
12 5 24 160
12 5 25 160
12 6 26 270
12 6 27 270
12 7 28 180
12 7 29 180
12 7 30 180
13 1 2 20
13 1 3 20
13 2 14 50
13 2 15 50
13 2 16 50
13 3 5 240
13 3 6 240
13 3 7 240
13 3 8 240
13 3 9 240
13 3 10 240
13 3 11 240
13 3 12 240
13 3 13 240
14 1 2 30
14 1 3 30
14 2 14 40
14 2 15 40
14 2 16 40
15 1 2 20
15 1 3 20
15 2 14 50
15 2 15 50
15 2 16 50
15 3 5 240
15 3 6 240
15 3 7 240
15 3 8 240
15 3 9 240
15 3 10 240
15 3 11 240
15 3 12 240
15 3 13 240
16 1 2 30
16 1 3 30
16 2 14 40
16 2 15 40
16 2 16 40
17 1 2 20
17 1 3 20
17 2 14 50
17 2 15 50
17 2 16 50
17 3 5 240
17 3 6 240
17 3 7 240
17 3 8 240
17 3 9 240
17 3 10 240
17 3 11 240
17 3 12 240
17 3 13 240
18 1 2 50
18 1 3 50
18 2 19 60
18 2 20 60
18 3 5 480
18 3 6 480
18 3 7 480
18 3 8 480
18 3 9 480
18 3 10 480
18 3 11 480
18 3 12 480
18 3 13 480
18 4 21 300
18 4 22 300
18 5 23 160
18 5 24 160
18 5 25 160
18 6 26 270
18 6 27 270
18 7 28 180
18 7 29 180
18 7 30 180
19 1 2 20
19 1 3 20
19 2 14 50
19 2 15 50
19 2 16 50
19 3 5 240
19 3 6 240
19 3 7 240
19 3 8 240
19 3 9 240
19 3 10 240
19 3 11 240
19 3 12 240
19 3 13 240
