11
30
6 6 3 3 3 6 3 6 6 6 6
1065 710 465 465 155 710 465 1065 355 710 1065
1 1 2 30
1 1 3 30
1 2 14 40
1 2 15 40
1 2 16 40
1 3 21 240
1 3 22 240
1 4 23 120
1 4 24 120
1 4 25 120
1 5 26 140
1 5 27 140
1 6 28 140
1 6 29 140
1 6 30 140
2 1 2 30
2 1 3 30
2 2 14 40
2 2 15 40
2 2 16 40
2 3 21 240
2 3 22 240
2 4 23 120
2 4 24 120
2 4 25 120
2 5 26 140
2 5 27 140
2 6 28 140
2 6 29 140
2 6 30 140
3 1 2 20
3 1 3 20
3 2 14 50
3 2 15 50
3 2 16 50
3 3 5 240
3 3 6 240
3 3 7 240
3 3 8 240
3 3 9 240
3 3 10 240
3 3 11 240
3 3 12 240
3 3 13 240
4 1 2 20
4 1 3 20
4 2 14 50
4 2 15 50
4 2 16 50
4 3 5 240
4 3 6 240
4 3 7 240
4 3 8 240
4 3 9 240
4 3 10 240
4 3 11 240
4 3 12 240
4 3 13 240
5 1 2 20
5 1 3 20
5 2 14 50
5 2 15 50
5 2 16 50
5 3 5 240
5 3 6 240
5 3 7 240
5 3 8 240
5 3 9 240
5 3 10 240
5 3 11 240
5 3 12 240
5 3 13 240
6 1 2 30
6 1 3 30
6 2 14 40
6 2 15 40
6 2 16 40
6 3 21 240
6 3 22 240
6 4 23 120
6 4 24 120
6 4 25 120
6 5 26 140
6 5 27 140
6 6 28 140
6 6 29 140
6 6 30 140
7 1 2 20
7 1 3 20
7 2 14 50
7 2 15 50
7 2 16 50
7 3 5 240
7 3 6 240
7 3 7 240
7 3 8 240
7 3 9 240
7 3 10 240
7 3 11 240
7 3 12 240
7 3 13 240
8 1 2 30
8 1 3 30
8 2 14 40
8 2 15 40
8 2 16 40
8 3 21 240
8 3 22 240
8 4 23 120
8 4 24 120
8 4 25 120
8 5 26 140
8 5 27 140
8 6 28 140
8 6 29 140
8 6 30 140
9 1 2 30
9 1 3 30
9 2 14 40
9 2 15 40
9 2 16 40
9 3 21 240
9 3 22 240
9 4 23 120
9 4 24 120
9 4 25 120
9 5 26 140
9 5 27 140
9 6 28 140
9 6 29 140
9 6 30 140
10 1 2 30
10 1 3 30
10 2 14 40
10 2 15 40
10 2 16 40
10 3 21 240
10 3 22 240
10 4 23 120
10 4 24 120
10 4 25 120
10 5 26 140
10 5 27 140
10 6 28 140
10 6 29 140
10 6 30 140
11 1 2 30
11 1 3 30
11 2 14 40
11 2 15 40
11 2 16 40
11 3 21 240
11 3 22 240
11 4 23 120
11 4 24 120
11 4 25 120
11 5 26 140
11 5 27 140
11 6 28 140
11 6 29 140
11 6 30 140
