12
30
2 2 6 6 6 6 6 2 6 6 6 6
35 35 355 710 355 1065 1065 105 355 1065 710 1065
1 1 2 30
1 1 3 30
1 2 14 40
1 2 15 40
1 2 16 40
2 1 2 30
2 1 3 30
2 2 14 40
2 2 15 40
2 2 16 40
3 1 2 30
3 1 3 30
3 2 14 40
3 2 15 40
3 2 16 40
3 3 21 240
3 3 22 240
3 4 23 120
3 4 24 120
3 4 25 120
3 5 26 140
3 5 27 140
3 6 28 140
3 6 29 140
3 6 30 140
4 1 2 30
4 1 3 30
4 2 14 40
4 2 15 40
4 2 16 40
4 3 21 240
4 3 22 240
4 4 23 120
4 4 24 120
4 4 25 120
4 5 26 140
4 5 27 140
4 6 28 140
4 6 29 140
4 6 30 140
5 1 2 30
5 1 3 30
5 2 14 40
5 2 15 40
5 2 16 40
5 3 21 240
5 3 22 240
5 4 23 120
5 4 24 120
5 4 25 120
5 5 26 140
5 5 27 140
5 6 28 140
5 6 29 140
5 6 30 140
6 1 2 30
6 1 3 30
6 2 14 40
6 2 15 40
6 2 16 40
6 3 21 240
6 3 22 240
6 4 23 120
6 4 24 120
6 4 25 120
6 5 26 140
6 5 27 140
6 6 28 140
6 6 29 140
6 6 30 140
7 1 2 30
7 1 3 30
7 2 14 40
7 2 15 40
7 2 16 40
7 3 21 240
7 3 22 240
7 4 23 120
7 4 24 120
7 4 25 120
7 5 26 140
7 5 27 140
7 6 28 140
7 6 29 140
7 6 30 140
8 1 2 30
8 1 3 30
8 2 14 40
8 2 15 40
8 2 16 40
9 1 2 30
9 1 3 30
9 2 14 40
9 2 15 40
9 2 16 40
9 3 21 240
9 3 22 240
9 4 23 120
9 4 24 120
9 4 25 120
9 5 26 140
9 5 27 140
9 6 28 140
9 6 29 140
9 6 30 140
10 1 2 30
10 1 3 30
10 2 14 40
10 2 15 40
10 2 16 40
10 3 21 240
10 3 22 240
10 4 23 120
10 4 24 120
10 4 25 120
10 5 26 140
10 5 27 140
10 6 28 140
10 6 29 140
10 6 30 140
11 1 2 30
11 1 3 30
11 2 14 40
11 2 15 40
11 2 16 40
11 3 21 240
11 3 22 240
11 4 23 120
11 4 24 120
11 4 25 120
11 5 26 140
11 5 27 140
11 6 28 140
11 6 29 140
11 6 30 140
12 1 2 30
12 1 3 30
12 2 14 40
12 2 15 40
12 2 16 40
12 3 21 240
12 3 22 240
12 4 23 120
12 4 24 120
12 4 25 120
12 5 26 140
12 5 27 140
12 6 28 140
12 6 29 140
12 6 30 140
