11
30
5 2 6 5 6 5 6 6 6 2 2
990 60 1130 1485 1695 495 1695 565 1695 30 60
1 1 2 150
1 1 3 150
1 2 17 200
1 2 18 200
1 3 5 440
1 3 6 440
1 3 7 440
1 3 8 440
1 3 9 440
1 3 10 440
1 3 11 440
1 3 12 440
1 3 13 440
1 4 26 110
1 4 27 110
1 5 28 90
1 5 29 90
1 5 30 90
2 1 4 10
2 2 17 50
2 2 18 50
3 1 4 20
3 2 14 140
3 2 15 140
3 2 16 140
3 3 21 410
3 3 22 410
3 4 23 110
3 4 24 110
3 4 25 110
3 5 26 270
3 5 27 270
3 6 28 180
3 6 29 180
3 6 30 180
4 1 2 150
4 1 3 150
4 2 17 200
4 2 18 200
4 3 5 440
4 3 6 440
4 3 7 440
4 3 8 440
4 3 9 440
4 3 10 440
4 3 11 440
4 3 12 440
4 3 13 440
4 4 26 110
4 4 27 110
4 5 28 90
4 5 29 90
4 5 30 90
5 1 4 20
5 2 14 140
5 2 15 140
5 2 16 140
5 3 21 410
5 3 22 410
5 4 23 110
5 4 24 110
5 4 25 110
5 5 26 270
5 5 27 270
5 6 28 180
5 6 29 180
5 6 30 180
6 1 2 150
6 1 3 150
6 2 17 200
6 2 18 200
6 3 5 440
6 3 6 440
6 3 7 440
6 3 8 440
6 3 9 440
6 3 10 440
6 3 11 440
6 3 12 440
6 3 13 440
6 4 26 110
6 4 27 110
6 5 28 90
6 5 29 90
6 5 30 90
7 1 4 20
7 2 14 140
7 2 15 140
7 2 16 140
7 3 21 410
7 3 22 410
7 4 23 110
7 4 24 110
7 4 25 110
7 5 26 270
7 5 27 270
7 6 28 180
7 6 29 180
7 6 30 180
8 1 4 20
8 2 14 140
8 2 15 140
8 2 16 140
8 3 21 410
8 3 22 410
8 4 23 110
8 4 24 110
8 4 25 110
8 5 26 270
8 5 27 270
8 6 28 180
8 6 29 180
8 6 30 180
9 1 4 20
9 2 14 140
9 2 15 140
9 2 16 140
9 3 21 410
9 3 22 410
9 4 23 110
9 4 24 110
9 4 25 110
9 5 26 270
9 5 27 270
9 6 28 180
9 6 29 180
9 6 30 180
10 1 4 10
10 2 17 50
10 2 18 50
11 1 4 10
11 2 17 50
11 2 18 50
