9
30
2 6 7 7 2 2 6 2 7
90 1130 335 335 30 90 1130 60 1005
1 1 4 10
1 2 17 50
1 2 18 50
2 1 4 20
2 2 14 140
2 2 15 140
2 2 16 140
2 3 21 410
2 3 22 410
2 4 23 110
2 4 24 110
2 4 25 110
2 5 26 270
2 5 27 270
2 6 28 180
2 6 29 180
2 6 30 180
3 1 2 20
3 1 3 20
3 2 14 50
3 2 15 50
3 2 16 50
3 3 5 240
3 3 6 240
3 3 7 240
3 3 8 240
3 3 9 240
3 3 10 240
3 3 11 240
3 3 12 240
3 3 13 240
3 4 21 160
3 4 22 160
3 5 23 60
3 5 24 60
3 5 25 60
3 6 26 70
3 6 27 70
3 7 28 70
3 7 29 70
3 7 30 70
4 1 2 20
4 1 3 20
4 2 14 50
4 2 15 50
4 2 16 50
4 3 5 240
4 3 6 240
4 3 7 240
4 3 8 240
4 3 9 240
4 3 10 240
4 3 11 240
4 3 12 240
4 3 13 240
4 4 21 160
4 4 22 160
4 5 23 60
4 5 24 60
4 5 25 60
4 6 26 70
4 6 27 70
4 7 28 70
4 7 29 70
4 7 30 70
5 1 4 10
5 2 17 50
5 2 18 50
6 1 4 10
6 2 17 50
6 2 18 50
7 1 4 20
7 2 14 140
7 2 15 140
7 2 16 140
7 3 21 410
7 3 22 410
7 4 23 110
7 4 24 110
7 4 25 110
7 5 26 270
7 5 27 270
7 6 28 180
7 6 29 180
7 6 30 180
8 1 4 10
8 2 17 50
8 2 18 50
9 1 2 20
9 1 3 20
9 2 14 50
9 2 15 50
9 2 16 50
9 3 5 240
9 3 6 240
9 3 7 240
9 3 8 240
9 3 9 240
9 3 10 240
9 3 11 240
9 3 12 240
9 3 13 240
9 4 21 160
9 4 22 160
9 5 23 60
9 5 24 60
9 5 25 60
9 6 26 70
9 6 27 70
9 7 28 70
9 7 29 70
9 7 30 70
