22
30
1 1 2 6 1 1 1 6 1 6 1 6 6 2 1 1 6 2 2 2 6 6
70 40 90 565 40 35 40 1695 20 1695 60 565 1130 30 35 20 1695 90 30 60 1130 565
1 1 17 70
1 1 18 70
2 1 17 40
2 1 18 40
3 1 4 10
3 2 17 50
3 2 18 50
4 1 4 20
4 2 14 140
4 2 15 140
4 2 16 140
4 3 21 410
4 3 22 410
4 4 23 110
4 4 24 110
4 4 25 110
4 5 26 270
4 5 27 270
4 6 28 180
4 6 29 180
4 6 30 180
5 1 17 40
5 1 18 40
6 1 17 70
6 1 18 70
7 1 17 40
7 1 18 40
8 1 4 20
8 2 14 140
8 2 15 140
8 2 16 140
8 3 21 410
8 3 22 410
8 4 23 110
8 4 24 110
8 4 25 110
8 5 26 270
8 5 27 270
8 6 28 180
8 6 29 180
8 6 30 180
9 1 17 40
9 1 18 40
10 1 4 20
10 2 14 140
10 2 15 140
10 2 16 140
10 3 21 410
10 3 22 410
10 4 23 110
10 4 24 110
10 4 25 110
10 5 26 270
10 5 27 270
10 6 28 180
10 6 29 180
10 6 30 180
11 1 17 40
11 1 18 40
12 1 4 20
12 2 14 140
12 2 15 140
12 2 16 140
12 3 21 410
12 3 22 410
12 4 23 110
12 4 24 110
12 4 25 110
12 5 26 270
12 5 27 270
12 6 28 180
12 6 29 180
12 6 30 180
13 1 4 20
13 2 14 140
13 2 15 140
13 2 16 140
13 3 21 410
13 3 22 410
13 4 23 110
13 4 24 110
13 4 25 110
13 5 26 270
13 5 27 270
13 6 28 180
13 6 29 180
13 6 30 180
14 1 4 10
14 2 17 50
14 2 18 50
15 1 17 70
15 1 18 70
16 1 17 40
16 1 18 40
17 1 4 20
17 2 14 140
17 2 15 140
17 2 16 140
17 3 21 410
17 3 22 410
17 4 23 110
17 4 24 110
17 4 25 110
17 5 26 270
17 5 27 270
17 6 28 180
17 6 29 180
17 6 30 180
18 1 4 10
18 2 17 50
18 2 18 50
19 1 4 10
19 2 17 50
19 2 18 50
20 1 4 10
20 2 17 50
20 2 18 50
21 1 4 20
21 2 14 140
21 2 15 140
21 2 16 140
21 3 21 410
21 3 22 410
21 4 23 110
21 4 24 110
21 4 25 110
21 5 26 270
21 5 27 270
21 6 28 180
21 6 29 180
21 6 30 180
22 1 4 20
22 2 14 140
22 2 15 140
22 2 16 140
22 3 21 410
22 3 22 410
22 4 23 110
22 4 24 110
22 4 25 110
22 5 26 270
22 5 27 270
22 6 28 180
22 6 29 180
22 6 30 180
