39
30
3 3 3 3 3 3 3 3 3 3 3 3 3 3 3 3 3 3 3 3 3 3 3 3 3 3 3 3 3 3 3 3 3 3 3 3 3 3 3
310 310 135 45 310 310 90 45 135 310 90 155 310 45 310 90 310 465 90 465 465 90 155 310 135 465 90 90 155 135 465 465 310 135 155 465 155 310 45
1 1 2 20
1 1 3 20
1 2 14 50
1 2 15 50
1 2 16 50
1 3 5 240
1 3 6 240
1 3 7 240
1 3 8 240
1 3 9 240
1 3 10 240
1 3 11 240
1 3 12 240
1 3 13 240
2 1 2 20
2 1 3 20
2 2 14 50
2 2 15 50
2 2 16 50
2 3 5 240
2 3 6 240
2 3 7 240
2 3 8 240
2 3 9 240
2 3 10 240
2 3 11 240
2 3 12 240
2 3 13 240
3 1 1 40
3 2 2 10
3 2 3 10
3 3 14 40
3 3 15 40
3 3 16 40
4 1 1 40
4 2 2 10
4 2 3 10
4 3 14 40
4 3 15 40
4 3 16 40
5 1 2 20
5 1 3 20
5 2 14 50
5 2 15 50
5 2 16 50
5 3 5 240
5 3 6 240
5 3 7 240
5 3 8 240
5 3 9 240
5 3 10 240
5 3 11 240
5 3 12 240
5 3 13 240
6 1 2 20
6 1 3 20
6 2 14 50
6 2 15 50
6 2 16 50
6 3 5 240
6 3 6 240
6 3 7 240
6 3 8 240
6 3 9 240
6 3 10 240
6 3 11 240
6 3 12 240
6 3 13 240
7 1 1 40
7 2 2 10
7 2 3 10
7 3 14 40
7 3 15 40
7 3 16 40
8 1 1 40
8 2 2 10
8 2 3 10
8 3 14 40
8 3 15 40
8 3 16 40
9 1 1 40
9 2 2 10
9 2 3 10
9 3 14 40
9 3 15 40
9 3 16 40
10 1 2 20
10 1 3 20
10 2 14 50
10 2 15 50
10 2 16 50
10 3 5 240
10 3 6 240
10 3 7 240
10 3 8 240
10 3 9 240
10 3 10 240
10 3 11 240
10 3 12 240
10 3 13 240
11 1 1 40
11 2 2 10
11 2 3 10
11 3 14 40
11 3 15 40
11 3 16 40
12 1 2 20
12 1 3 20
12 2 14 50
12 2 15 50
12 2 16 50
12 3 5 240
12 3 6 240
12 3 7 240
12 3 8 240
12 3 9 240
12 3 10 240
12 3 11 240
12 3 12 240
12 3 13 240
13 1 2 20
13 1 3 20
13 2 14 50
13 2 15 50
13 2 16 50
13 3 5 240
13 3 6 240
13 3 7 240
13 3 8 240
13 3 9 240
13 3 10 240
13 3 11 240
13 3 12 240
13 3 13 240
14 1 1 40
14 2 2 10
14 2 3 10
14 3 14 40
14 3 15 40
14 3 16 40
15 1 2 20
15 1 3 20
15 2 14 50
15 2 15 50
15 2 16 50
15 3 5 240
15 3 6 240
15 3 7 240
15 3 8 240
15 3 9 240
15 3 10 240
15 3 11 240
15 3 12 240
15 3 13 240
16 1 1 40
16 2 2 10
16 2 3 10
16 3 14 40
16 3 15 40
16 3 16 40
17 1 2 20
17 1 3 20
17 2 14 50
17 2 15 50
17 2 16 50
17 3 5 240
17 3 6 240
17 3 7 240
17 3 8 240
17 3 9 240
17 3 10 240
17 3 11 240
17 3 12 240
17 3 13 240
18 1 2 20
18 1 3 20
18 2 14 50
18 2 15 50
18 2 16 50
18 3 5 240
18 3 6 240
18 3 7 240
18 3 8 240
18 3 9 240
18 3 10 240
18 3 11 240
18 3 12 240
18 3 13 240
19 1 1 40
19 2 2 10
19 2 3 10
19 3 14 40
19 3 15 40
19 3 16 40
20 1 2 20
20 1 3 20
20 2 14 50
20 2 15 50
20 2 16 50
20 3 5 240
20 3 6 240
20 3 7 240
20 3 8 240
20 3 9 240
20 3 10 240
20 3 11 240
20 3 12 240
20 3 13 240
21 1 2 20
21 1 3 20
21 2 14 50
21 2 15 50
21 2 16 50
21 3 5 240
21 3 6 240
21 3 7 240
21 3 8 240
21 3 9 240
21 3 10 240
21 3 11 240
21 3 12 240
21 3 13 240
22 1 1 40
22 2 2 10
22 2 3 10
22 3 14 40
22 3 15 40
22 3 16 40
23 1 2 20
23 1 3 20
23 2 14 50
23 2 15 50
23 2 16 50
23 3 5 240
23 3 6 240
23 3 7 240
23 3 8 240
23 3 9 240
23 3 10 240
23 3 11 240
23 3 12 240
23 3 13 240
24 1 2 20
24 1 3 20
24 2 14 50
24 2 15 50
24 2 16 50
24 3 5 240
24 3 6 240
24 3 7 240
24 3 8 240
24 3 9 240
24 3 10 240
24 3 11 240
24 3 12 240
24 3 13 240
25 1 1 40
25 2 2 10
25 2 3 10
25 3 14 40
25 3 15 40
25 3 16 40
26 1 2 20
26 1 3 20
26 2 14 50
26 2 15 50
26 2 16 50
26 3 5 240
26 3 6 240
26 3 7 240
26 3 8 240
26 3 9 240
26 3 10 240
26 3 11 240
26 3 12 240
26 3 13 240
27 1 1 40
27 2 2 10
27 2 3 10
27 3 14 40
27 3 15 40
27 3 16 40
28 1 1 40
28 2 2 10
28 2 3 10
28 3 14 40
28 3 15 40
28 3 16 40
29 1 2 20
29 1 3 20
29 2 14 50
29 2 15 50
29 2 16 50
29 3 5 240
29 3 6 240
29 3 7 240
29 3 8 240
29 3 9 240
29 3 10 240
29 3 11 240
29 3 12 240
29 3 13 240
30 1 1 40
30 2 2 10
30 2 3 10
30 3 14 40
30 3 15 40
30 3 16 40
31 1 2 20
31 1 3 20
31 2 14 50
31 2 15 50
31 2 16 50
31 3 5 240
31 3 6 240
31 3 7 240
31 3 8 240
31 3 9 240
31 3 10 240
31 3 11 240
31 3 12 240
31 3 13 240
32 1 2 20
32 1 3 20
32 2 14 50
32 2 15 50
32 2 16 50
32 3 5 240
32 3 6 240
32 3 7 240
32 3 8 240
32 3 9 240
32 3 10 240
32 3 11 240
32 3 12 240
32 3 13 240
33 1 2 20
33 1 3 20
33 2 14 50
33 2 15 50
33 2 16 50
33 3 5 240
33 3 6 240
33 3 7 240
33 3 8 240
33 3 9 240
33 3 10 240
33 3 11 240
33 3 12 240
33 3 13 240
34 1 1 40
34 2 2 10
34 2 3 10
34 3 14 40
34 3 15 40
34 3 16 40
35 1 2 20
35 1 3 20
35 2 14 50
35 2 15 50
35 2 16 50
35 3 5 240
35 3 6 240
35 3 7 240
35 3 8 240
35 3 9 240
35 3 10 240
35 3 11 240
35 3 12 240
35 3 13 240
36 1 2 20
36 1 3 20
36 2 14 50
36 2 15 50
36 2 16 50
36 3 5 240
36 3 6 240
36 3 7 240
36 3 8 240
36 3 9 240
36 3 10 240
36 3 11 240
36 3 12 240
36 3 13 240
37 1 2 20
37 1 3 20
37 2 14 50
37 2 15 50
37 2 16 50
37 3 5 240
37 3 6 240
37 3 7 240
37 3 8 240
37 3 9 240
37 3 10 240
37 3 11 240
37 3 12 240
37 3 13 240
38 1 2 20
38 1 3 20
38 2 14 50
38 2 15 50
38 2 16 50
38 3 5 240
38 3 6 240
38 3 7 240
38 3 8 240
38 3 9 240
38 3 10 240
38 3 11 240
38 3 12 240
38 3 13 240
39 1 1 40
39 2 2 10
39 2 3 10
39 3 14 40
39 3 15 40
39 3 16 40
