31
30
3 3 3 3 3 3 3 3 3 3 3 3 3 3 3 3 3 3 3 3 3 3 3 3 3 3 3 3 3 3 3
300 300 310 155 150 155 300 310 150 465 150 150 310 310 310 310 300 310 450 155 155 310 450 300 450 155 300 450 155 155 465
1 1 2 30
1 1 3 30
1 2 19 30
1 2 20 30
1 3 5 240
1 3 6 240
1 3 7 240
1 3 8 240
1 3 9 240
1 3 10 240
1 3 11 240
1 3 12 240
1 3 13 240
2 1 2 30
2 1 3 30
2 2 19 30
2 2 20 30
2 3 5 240
2 3 6 240
2 3 7 240
2 3 8 240
2 3 9 240
2 3 10 240
2 3 11 240
2 3 12 240
2 3 13 240
3 1 2 20
3 1 3 20
3 2 14 50
3 2 15 50
3 2 16 50
3 3 5 240
3 3 6 240
3 3 7 240
3 3 8 240
3 3 9 240
3 3 10 240
3 3 11 240
3 3 12 240
3 3 13 240
4 1 2 20
4 1 3 20
4 2 14 50
4 2 15 50
4 2 16 50
4 3 5 240
4 3 6 240
4 3 7 240
4 3 8 240
4 3 9 240
4 3 10 240
4 3 11 240
4 3 12 240
4 3 13 240
5 1 2 30
5 1 3 30
5 2 19 30
5 2 20 30
5 3 5 240
5 3 6 240
5 3 7 240
5 3 8 240
5 3 9 240
5 3 10 240
5 3 11 240
5 3 12 240
5 3 13 240
6 1 2 20
6 1 3 20
6 2 14 50
6 2 15 50
6 2 16 50
6 3 5 240
6 3 6 240
6 3 7 240
6 3 8 240
6 3 9 240
6 3 10 240
6 3 11 240
6 3 12 240
6 3 13 240
7 1 2 30
7 1 3 30
7 2 19 30
7 2 20 30
7 3 5 240
7 3 6 240
7 3 7 240
7 3 8 240
7 3 9 240
7 3 10 240
7 3 11 240
7 3 12 240
7 3 13 240
8 1 2 20
8 1 3 20
8 2 14 50
8 2 15 50
8 2 16 50
8 3 5 240
8 3 6 240
8 3 7 240
8 3 8 240
8 3 9 240
8 3 10 240
8 3 11 240
8 3 12 240
8 3 13 240
9 1 2 30
9 1 3 30
9 2 19 30
9 2 20 30
9 3 5 240
9 3 6 240
9 3 7 240
9 3 8 240
9 3 9 240
9 3 10 240
9 3 11 240
9 3 12 240
9 3 13 240
10 1 2 20
10 1 3 20
10 2 14 50
10 2 15 50
10 2 16 50
10 3 5 240
10 3 6 240
10 3 7 240
10 3 8 240
10 3 9 240
10 3 10 240
10 3 11 240
10 3 12 240
10 3 13 240
11 1 2 30
11 1 3 30
11 2 19 30
11 2 20 30
11 3 5 240
11 3 6 240
11 3 7 240
11 3 8 240
11 3 9 240
11 3 10 240
11 3 11 240
11 3 12 240
11 3 13 240
12 1 2 30
12 1 3 30
12 2 19 30
12 2 20 30
12 3 5 240
12 3 6 240
12 3 7 240
12 3 8 240
12 3 9 240
12 3 10 240
12 3 11 240
12 3 12 240
12 3 13 240
13 1 2 20
13 1 3 20
13 2 14 50
13 2 15 50
13 2 16 50
13 3 5 240
13 3 6 240
13 3 7 240
13 3 8 240
13 3 9 240
13 3 10 240
13 3 11 240
13 3 12 240
13 3 13 240
14 1 2 20
14 1 3 20
14 2 14 50
14 2 15 50
14 2 16 50
14 3 5 240
14 3 6 240
14 3 7 240
14 3 8 240
14 3 9 240
14 3 10 240
14 3 11 240
14 3 12 240
14 3 13 240
15 1 2 20
15 1 3 20
15 2 14 50
15 2 15 50
15 2 16 50
15 3 5 240
15 3 6 240
15 3 7 240
15 3 8 240
15 3 9 240
15 3 10 240
15 3 11 240
15 3 12 240
15 3 13 240
16 1 2 20
16 1 3 20
16 2 14 50
16 2 15 50
16 2 16 50
16 3 5 240
16 3 6 240
16 3 7 240
16 3 8 240
16 3 9 240
16 3 10 240
16 3 11 240
16 3 12 240
16 3 13 240
17 1 2 30
17 1 3 30
17 2 19 30
17 2 20 30
17 3 5 240
17 3 6 240
17 3 7 240
17 3 8 240
17 3 9 240
17 3 10 240
17 3 11 240
17 3 12 240
17 3 13 240
18 1 2 20
18 1 3 20
18 2 14 50
18 2 15 50
18 2 16 50
18 3 5 240
18 3 6 240
18 3 7 240
18 3 8 240
18 3 9 240
18 3 10 240
18 3 11 240
18 3 12 240
18 3 13 240
19 1 2 30
19 1 3 30
19 2 19 30
19 2 20 30
19 3 5 240
19 3 6 240
19 3 7 240
19 3 8 240
19 3 9 240
19 3 10 240
19 3 11 240
19 3 12 240
19 3 13 240
20 1 2 20
20 1 3 20
20 2 14 50
20 2 15 50
20 2 16 50
20 3 5 240
20 3 6 240
20 3 7 240
20 3 8 240
20 3 9 240
20 3 10 240
20 3 11 240
20 3 12 240
20 3 13 240
21 1 2 20
21 1 3 20
21 2 14 50
21 2 15 50
21 2 16 50
21 3 5 240
21 3 6 240
21 3 7 240
21 3 8 240
21 3 9 240
21 3 10 240
21 3 11 240
21 3 12 240
21 3 13 240
22 1 2 20
22 1 3 20
22 2 14 50
22 2 15 50
22 2 16 50
22 3 5 240
22 3 6 240
22 3 7 240
22 3 8 240
22 3 9 240
22 3 10 240
22 3 11 240
22 3 12 240
22 3 13 240
23 1 2 30
23 1 3 30
23 2 19 30
23 2 20 30
23 3 5 240
23 3 6 240
23 3 7 240
23 3 8 240
23 3 9 240
23 3 10 240
23 3 11 240
23 3 12 240
23 3 13 240
24 1 2 30
24 1 3 30
24 2 19 30
24 2 20 30
24 3 5 240
24 3 6 240
24 3 7 240
24 3 8 240
24 3 9 240
24 3 10 240
24 3 11 240
24 3 12 240
24 3 13 240
25 1 2 30
25 1 3 30
25 2 19 30
25 2 20 30
25 3 5 240
25 3 6 240
25 3 7 240
25 3 8 240
25 3 9 240
25 3 10 240
25 3 11 240
25 3 12 240
25 3 13 240
26 1 2 20
26 1 3 20
26 2 14 50
26 2 15 50
26 2 16 50
26 3 5 240
26 3 6 240
26 3 7 240
26 3 8 240
26 3 9 240
26 3 10 240
26 3 11 240
26 3 12 240
26 3 13 240
27 1 2 30
27 1 3 30
27 2 19 30
27 2 20 30
27 3 5 240
27 3 6 240
27 3 7 240
27 3 8 240
27 3 9 240
27 3 10 240
27 3 11 240
27 3 12 240
27 3 13 240
28 1 2 30
28 1 3 30
28 2 19 30
28 2 20 30
28 3 5 240
28 3 6 240
28 3 7 240
28 3 8 240
28 3 9 240
28 3 10 240
28 3 11 240
28 3 12 240
28 3 13 240
29 1 2 20
29 1 3 20
29 2 14 50
29 2 15 50
29 2 16 50
29 3 5 240
29 3 6 240
29 3 7 240
29 3 8 240
29 3 9 240
29 3 10 240
29 3 11 240
29 3 12 240
29 3 13 240
30 1 2 20
30 1 3 20
30 2 14 50
30 2 15 50
30 2 16 50
30 3 5 240
30 3 6 240
30 3 7 240
30 3 8 240
30 3 9 240
30 3 10 240
30 3 11 240
30 3 12 240
30 3 13 240
31 1 2 20
31 1 3 20
31 2 14 50
31 2 15 50
31 2 16 50
31 3 5 240
31 3 6 240
31 3 7 240
31 3 8 240
31 3 9 240
31 3 10 240
31 3 11 240
31 3 12 240
31 3 13 240
