33
30
2 2 3 3 2 3 3 2 3 2 2 2 2 2 2 3 2 2 2 3 3 2 3 2 2 3 2 2 3 3 2 3 2
70 70 300 145 240 435 435 80 145 105 35 160 105 80 70 290 70 35 70 145 150 240 300 80 35 145 105 70 290 290 105 450 35
1 1 2 30
1 1 3 30
1 2 14 40
1 2 15 40
1 2 16 40
2 1 2 30
2 1 3 30
2 2 14 40
2 2 15 40
2 2 16 40
3 1 2 30
3 1 3 30
3 2 19 30
3 2 20 30
3 3 5 240
3 3 6 240
3 3 7 240
3 3 8 240
3 3 9 240
3 3 10 240
3 3 11 240
3 3 12 240
3 3 13 240
4 1 2 20
4 1 3 20
4 2 19 30
4 2 20 30
4 3 5 240
4 3 6 240
4 3 7 240
4 3 8 240
4 3 9 240
4 3 10 240
4 3 11 240
4 3 12 240
4 3 13 240
5 1 4 50
5 2 19 110
5 2 20 110
6 1 2 20
6 1 3 20
6 2 19 30
6 2 20 30
6 3 5 240
6 3 6 240
6 3 7 240
6 3 8 240
6 3 9 240
6 3 10 240
6 3 11 240
6 3 12 240
6 3 13 240
7 1 2 20
7 1 3 20
7 2 19 30
7 2 20 30
7 3 5 240
7 3 6 240
7 3 7 240
7 3 8 240
7 3 9 240
7 3 10 240
7 3 11 240
7 3 12 240
7 3 13 240
8 1 4 50
8 2 19 110
8 2 20 110
9 1 2 20
9 1 3 20
9 2 19 30
9 2 20 30
9 3 5 240
9 3 6 240
9 3 7 240
9 3 8 240
9 3 9 240
9 3 10 240
9 3 11 240
9 3 12 240
9 3 13 240
10 1 2 30
10 1 3 30
10 2 14 40
10 2 15 40
10 2 16 40
11 1 2 30
11 1 3 30
11 2 14 40
11 2 15 40
11 2 16 40
12 1 4 50
12 2 19 110
12 2 20 110
13 1 2 30
13 1 3 30
13 2 14 40
13 2 15 40
13 2 16 40
14 1 4 50
14 2 19 110
14 2 20 110
15 1 2 30
15 1 3 30
15 2 14 40
15 2 15 40
15 2 16 40
16 1 2 20
16 1 3 20
16 2 19 30
16 2 20 30
16 3 5 240
16 3 6 240
16 3 7 240
16 3 8 240
16 3 9 240
16 3 10 240
16 3 11 240
16 3 12 240
16 3 13 240
17 1 2 30
17 1 3 30
17 2 14 40
17 2 15 40
17 2 16 40
18 1 2 30
18 1 3 30
18 2 14 40
18 2 15 40
18 2 16 40
19 1 2 30
19 1 3 30
19 2 14 40
19 2 15 40
19 2 16 40
20 1 2 20
20 1 3 20
20 2 19 30
20 2 20 30
20 3 5 240
20 3 6 240
20 3 7 240
20 3 8 240
20 3 9 240
20 3 10 240
20 3 11 240
20 3 12 240
20 3 13 240
21 1 2 30
21 1 3 30
21 2 19 30
21 2 20 30
21 3 5 240
21 3 6 240
21 3 7 240
21 3 8 240
21 3 9 240
21 3 10 240
21 3 11 240
21 3 12 240
21 3 13 240
22 1 4 50
22 2 19 110
22 2 20 110
23 1 2 30
23 1 3 30
23 2 19 30
23 2 20 30
23 3 5 240
23 3 6 240
23 3 7 240
23 3 8 240
23 3 9 240
23 3 10 240
23 3 11 240
23 3 12 240
23 3 13 240
24 1 4 50
24 2 19 110
24 2 20 110
25 1 2 30
25 1 3 30
25 2 14 40
25 2 15 40
25 2 16 40
26 1 2 20
26 1 3 20
26 2 19 30
26 2 20 30
26 3 5 240
26 3 6 240
26 3 7 240
26 3 8 240
26 3 9 240
26 3 10 240
26 3 11 240
26 3 12 240
26 3 13 240
27 1 2 30
27 1 3 30
27 2 14 40
27 2 15 40
27 2 16 40
28 1 2 30
28 1 3 30
28 2 14 40
28 2 15 40
28 2 16 40
29 1 2 20
29 1 3 20
29 2 19 30
29 2 20 30
29 3 5 240
29 3 6 240
29 3 7 240
29 3 8 240
29 3 9 240
29 3 10 240
29 3 11 240
29 3 12 240
29 3 13 240
30 1 2 20
30 1 3 20
30 2 19 30
30 2 20 30
30 3 5 240
30 3 6 240
30 3 7 240
30 3 8 240
30 3 9 240
30 3 10 240
30 3 11 240
30 3 12 240
30 3 13 240
31 1 2 30
31 1 3 30
31 2 14 40
31 2 15 40
31 2 16 40
32 1 2 30
32 1 3 30
32 2 19 30
32 2 20 30
32 3 5 240
32 3 6 240
32 3 7 240
32 3 8 240
32 3 9 240
32 3 10 240
32 3 11 240
32 3 12 240
32 3 13 240
33 1 2 30
33 1 3 30
33 2 14 40
33 2 15 40
33 2 16 40
