13
30
3 3 7 7 7 7 7 3 3 3 7 3 3
300 150 335 1005 1005 1005 1005 150 300 150 670 300 300
1 1 2 30
1 1 3 30
1 2 19 30
1 2 20 30
1 3 5 240
1 3 6 240
1 3 7 240
1 3 8 240
1 3 9 240
1 3 10 240
1 3 11 240
1 3 12 240
1 3 13 240
2 1 2 30
2 1 3 30
2 2 19 30
2 2 20 30
2 3 5 240
2 3 6 240
2 3 7 240
2 3 8 240
2 3 9 240
2 3 10 240
2 3 11 240
2 3 12 240
2 3 13 240
3 1 2 20
3 1 3 20
3 2 14 50
3 2 15 50
3 2 16 50
3 3 5 240
3 3 6 240
3 3 7 240
3 3 8 240
3 3 9 240
3 3 10 240
3 3 11 240
3 3 12 240
3 3 13 240
3 4 21 160
3 4 22 160
3 5 23 60
3 5 24 60
3 5 25 60
3 6 26 70
3 6 27 70
3 7 28 70
3 7 29 70
3 7 30 70
4 1 2 20
4 1 3 20
4 2 14 50
4 2 15 50
4 2 16 50
4 3 5 240
4 3 6 240
4 3 7 240
4 3 8 240
4 3 9 240
4 3 10 240
4 3 11 240
4 3 12 240
4 3 13 240
4 4 21 160
4 4 22 160
4 5 23 60
4 5 24 60
4 5 25 60
4 6 26 70
4 6 27 70
4 7 28 70
4 7 29 70
4 7 30 70
5 1 2 20
5 1 3 20
5 2 14 50
5 2 15 50
5 2 16 50
5 3 5 240
5 3 6 240
5 3 7 240
5 3 8 240
5 3 9 240
5 3 10 240
5 3 11 240
5 3 12 240
5 3 13 240
5 4 21 160
5 4 22 160
5 5 23 60
5 5 24 60
5 5 25 60
5 6 26 70
5 6 27 70
5 7 28 70
5 7 29 70
5 7 30 70
6 1 2 20
6 1 3 20
6 2 14 50
6 2 15 50
6 2 16 50
6 3 5 240
6 3 6 240
6 3 7 240
6 3 8 240
6 3 9 240
6 3 10 240
6 3 11 240
6 3 12 240
6 3 13 240
6 4 21 160
6 4 22 160
6 5 23 60
6 5 24 60
6 5 25 60
6 6 26 70
6 6 27 70
6 7 28 70
6 7 29 70
6 7 30 70
7 1 2 20
7 1 3 20
7 2 14 50
7 2 15 50
7 2 16 50
7 3 5 240
7 3 6 240
7 3 7 240
7 3 8 240
7 3 9 240
7 3 10 240
7 3 11 240
7 3 12 240
7 3 13 240
7 4 21 160
7 4 22 160
7 5 23 60
7 5 24 60
7 5 25 60
7 6 26 70
7 6 27 70
7 7 28 70
7 7 29 70
7 7 30 70
8 1 2 30
8 1 3 30
8 2 19 30
8 2 20 30
8 3 5 240
8 3 6 240
8 3 7 240
8 3 8 240
8 3 9 240
8 3 10 240
8 3 11 240
8 3 12 240
8 3 13 240
9 1 2 30
9 1 3 30
9 2 19 30
9 2 20 30
9 3 5 240
9 3 6 240
9 3 7 240
9 3 8 240
9 3 9 240
9 3 10 240
9 3 11 240
9 3 12 240
9 3 13 240
10 1 2 30
10 1 3 30
10 2 19 30
10 2 20 30
10 3 5 240
10 3 6 240
10 3 7 240
10 3 8 240
10 3 9 240
10 3 10 240
10 3 11 240
10 3 12 240
10 3 13 240
11 1 2 20
11 1 3 20
11 2 14 50
11 2 15 50
11 2 16 50
11 3 5 240
11 3 6 240
11 3 7 240
11 3 8 240
11 3 9 240
11 3 10 240
11 3 11 240
11 3 12 240
11 3 13 240
11 4 21 160
11 4 22 160
11 5 23 60
11 5 24 60
11 5 25 60
11 6 26 70
11 6 27 70
11 7 28 70
11 7 29 70
11 7 30 70
12 1 2 30
12 1 3 30
12 2 19 30
12 2 20 30
12 3 5 240
12 3 6 240
12 3 7 240
12 3 8 240
12 3 9 240
12 3 10 240
12 3 11 240
12 3 12 240
12 3 13 240
13 1 2 30
13 1 3 30
13 2 19 30
13 2 20 30
13 3 5 240
13 3 6 240
13 3 7 240
13 3 8 240
13 3 9 240
13 3 10 240
13 3 11 240
13 3 12 240
13 3 13 240
