11
30
3 3 7 3 3 3 3 7 3 3 7
300 290 1500 145 150 450 300 1500 435 150 1500
1 1 2 30
1 1 3 30
1 2 19 30
1 2 20 30
1 3 5 240
1 3 6 240
1 3 7 240
1 3 8 240
1 3 9 240
1 3 10 240
1 3 11 240
1 3 12 240
1 3 13 240
2 1 2 20
2 1 3 20
2 2 19 30
2 2 20 30
2 3 5 240
2 3 6 240
2 3 7 240
2 3 8 240
2 3 9 240
2 3 10 240
2 3 11 240
2 3 12 240
2 3 13 240
3 1 2 50
3 1 3 50
3 2 19 60
3 2 20 60
3 3 5 480
3 3 6 480
3 3 7 480
3 3 8 480
3 3 9 480
3 3 10 480
3 3 11 480
3 3 12 480
3 3 13 480
3 4 21 300
3 4 22 300
3 5 23 160
3 5 24 160
3 5 25 160
3 6 26 270
3 6 27 270
3 7 28 180
3 7 29 180
3 7 30 180
4 1 2 20
4 1 3 20
4 2 19 30
4 2 20 30
4 3 5 240
4 3 6 240
4 3 7 240
4 3 8 240
4 3 9 240
4 3 10 240
4 3 11 240
4 3 12 240
4 3 13 240
5 1 2 30
5 1 3 30
5 2 19 30
5 2 20 30
5 3 5 240
5 3 6 240
5 3 7 240
5 3 8 240
5 3 9 240
5 3 10 240
5 3 11 240
5 3 12 240
5 3 13 240
6 1 2 30
6 1 3 30
6 2 19 30
6 2 20 30
6 3 5 240
6 3 6 240
6 3 7 240
6 3 8 240
6 3 9 240
6 3 10 240
6 3 11 240
6 3 12 240
6 3 13 240
7 1 2 30
7 1 3 30
7 2 19 30
7 2 20 30
7 3 5 240
7 3 6 240
7 3 7 240
7 3 8 240
7 3 9 240
7 3 10 240
7 3 11 240
7 3 12 240
7 3 13 240
8 1 2 50
8 1 3 50
8 2 19 60
8 2 20 60
8 3 5 480
8 3 6 480
8 3 7 480
8 3 8 480
8 3 9 480
8 3 10 480
8 3 11 480
8 3 12 480
8 3 13 480
8 4 21 300
8 4 22 300
8 5 23 160
8 5 24 160
8 5 25 160
8 6 26 270
8 6 27 270
8 7 28 180
8 7 29 180
8 7 30 180
9 1 2 20
9 1 3 20
9 2 19 30
9 2 20 30
9 3 5 240
9 3 6 240
9 3 7 240
9 3 8 240
9 3 9 240
9 3 10 240
9 3 11 240
9 3 12 240
9 3 13 240
10 1 2 30
10 1 3 30
10 2 19 30
10 2 20 30
10 3 5 240
10 3 6 240
10 3 7 240
10 3 8 240
10 3 9 240
10 3 10 240
10 3 11 240
10 3 12 240
10 3 13 240
11 1 2 50
11 1 3 50
11 2 19 60
11 2 20 60
11 3 5 480
11 3 6 480
11 3 7 480
11 3 8 480
11 3 9 480
11 3 10 480
11 3 11 480
11 3 12 480
11 3 13 480
11 4 21 300
11 4 22 300
11 5 23 160
11 5 24 160
11 5 25 160
11 6 26 270
11 6 27 270
11 7 28 180
11 7 29 180
11 7 30 180
