11
30
2 2 6 6 2 2 2 2 6 6 6
70 70 355 355 105 35 35 35 710 710 710
1 1 2 30
1 1 3 30
1 2 14 40
1 2 15 40
1 2 16 40
2 1 2 30
2 1 3 30
2 2 14 40
2 2 15 40
2 2 16 40
3 1 2 30
3 1 3 30
3 2 14 40
3 2 15 40
3 2 16 40
3 3 21 240
3 3 22 240
3 4 23 120
3 4 24 120
3 4 25 120
3 5 26 140
3 5 27 140
3 6 28 140
3 6 29 140
3 6 30 140
4 1 2 30
4 1 3 30
4 2 14 40
4 2 15 40
4 2 16 40
4 3 21 240
4 3 22 240
4 4 23 120
4 4 24 120
4 4 25 120
4 5 26 140
4 5 27 140
4 6 28 140
4 6 29 140
4 6 30 140
5 1 2 30
5 1 3 30
5 2 14 40
5 2 15 40
5 2 16 40
6 1 2 30
6 1 3 30
6 2 14 40
6 2 15 40
6 2 16 40
7 1 2 30
7 1 3 30
7 2 14 40
7 2 15 40
7 2 16 40
8 1 2 30
8 1 3 30
8 2 14 40
8 2 15 40
8 2 16 40
9 1 2 30
9 1 3 30
9 2 14 40
9 2 15 40
9 2 16 40
9 3 21 240
9 3 22 240
9 4 23 120
9 4 24 120
9 4 25 120
9 5 26 140
9 5 27 140
9 6 28 140
9 6 29 140
9 6 30 140
10 1 2 30
10 1 3 30
10 2 14 40
10 2 15 40
10 2 16 40
10 3 21 240
10 3 22 240
10 4 23 120
10 4 24 120
10 4 25 120
10 5 26 140
10 5 27 140
10 6 28 140
10 6 29 140
10 6 30 140
11 1 2 30
11 1 3 30
11 2 14 40
11 2 15 40
11 2 16 40
11 3 21 240
11 3 22 240
11 4 23 120
11 4 24 120
11 4 25 120
11 5 26 140
11 5 27 140
11 6 28 140
11 6 29 140
11 6 30 140
