11
30
1 1 5 1 1 1 1 5 1 1 5
70 40 1485 105 105 105 40 1485 35 60 1485
1 1 17 70
1 1 18 70
2 1 17 40
2 1 18 40
3 1 2 150
3 1 3 150
3 2 17 200
3 2 18 200
3 3 5 440
3 3 6 440
3 3 7 440
3 3 8 440
3 3 9 440
3 3 10 440
3 3 11 440
3 3 12 440
3 3 13 440
3 4 26 110
3 4 27 110
3 5 28 90
3 5 29 90
3 5 30 90
4 1 17 70
4 1 18 70
5 1 17 70
5 1 18 70
6 1 17 70
6 1 18 70
7 1 17 40
7 1 18 40
8 1 2 150
8 1 3 150
8 2 17 200
8 2 18 200
8 3 5 440
8 3 6 440
8 3 7 440
8 3 8 440
8 3 9 440
8 3 10 440
8 3 11 440
8 3 12 440
8 3 13 440
8 4 26 110
8 4 27 110
8 5 28 90
8 5 29 90
8 5 30 90
9 1 17 70
9 1 18 70
10 1 17 40
10 1 18 40
11 1 2 150
11 1 3 150
11 2 17 200
11 2 18 200
11 3 5 440
11 3 6 440
11 3 7 440
11 3 8 440
11 3 9 440
11 3 10 440
11 3 11 440
11 3 12 440
11 3 13 440
11 4 26 110
11 4 27 110
11 5 28 90
11 5 29 90
11 5 30 90
