16
30
3 3 7 7 7 3 7 3 3 7 7 7 7 7 7 3
450 150 670 1005 1005 150 1005 150 150 335 335 1005 335 670 1005 450
1 1 2 30
1 1 3 30
1 2 19 30
1 2 20 30
1 3 5 240
1 3 6 240
1 3 7 240
1 3 8 240
1 3 9 240
1 3 10 240
1 3 11 240
1 3 12 240
1 3 13 240
2 1 2 30
2 1 3 30
2 2 19 30
2 2 20 30
2 3 5 240
2 3 6 240
2 3 7 240
2 3 8 240
2 3 9 240
2 3 10 240
2 3 11 240
2 3 12 240
2 3 13 240
3 1 2 20
3 1 3 20
3 2 14 50
3 2 15 50
3 2 16 50
3 3 5 240
3 3 6 240
3 3 7 240
3 3 8 240
3 3 9 240
3 3 10 240
3 3 11 240
3 3 12 240
3 3 13 240
3 4 21 160
3 4 22 160
3 5 23 60
3 5 24 60
3 5 25 60
3 6 26 70
3 6 27 70
3 7 28 70
3 7 29 70
3 7 30 70
4 1 2 20
4 1 3 20
4 2 14 50
4 2 15 50
4 2 16 50
4 3 5 240
4 3 6 240
4 3 7 240
4 3 8 240
4 3 9 240
4 3 10 240
4 3 11 240
4 3 12 240
4 3 13 240
4 4 21 160
4 4 22 160
4 5 23 60
4 5 24 60
4 5 25 60
4 6 26 70
4 6 27 70
4 7 28 70
4 7 29 70
4 7 30 70
5 1 2 20
5 1 3 20
5 2 14 50
5 2 15 50
5 2 16 50
5 3 5 240
5 3 6 240
5 3 7 240
5 3 8 240
5 3 9 240
5 3 10 240
5 3 11 240
5 3 12 240
5 3 13 240
5 4 21 160
5 4 22 160
5 5 23 60
5 5 24 60
5 5 25 60
5 6 26 70
5 6 27 70
5 7 28 70
5 7 29 70
5 7 30 70
6 1 2 30
6 1 3 30
6 2 19 30
6 2 20 30
6 3 5 240
6 3 6 240
6 3 7 240
6 3 8 240
6 3 9 240
6 3 10 240
6 3 11 240
6 3 12 240
6 3 13 240
7 1 2 20
7 1 3 20
7 2 14 50
7 2 15 50
7 2 16 50
7 3 5 240
7 3 6 240
7 3 7 240
7 3 8 240
7 3 9 240
7 3 10 240
7 3 11 240
7 3 12 240
7 3 13 240
7 4 21 160
7 4 22 160
7 5 23 60
7 5 24 60
7 5 25 60
7 6 26 70
7 6 27 70
7 7 28 70
7 7 29 70
7 7 30 70
8 1 2 30
8 1 3 30
8 2 19 30
8 2 20 30
8 3 5 240
8 3 6 240
8 3 7 240
8 3 8 240
8 3 9 240
8 3 10 240
8 3 11 240
8 3 12 240
8 3 13 240
9 1 2 30
9 1 3 30
9 2 19 30
9 2 20 30
9 3 5 240
9 3 6 240
9 3 7 240
9 3 8 240
9 3 9 240
9 3 10 240
9 3 11 240
9 3 12 240
9 3 13 240
10 1 2 20
10 1 3 20
10 2 14 50
10 2 15 50
10 2 16 50
10 3 5 240
10 3 6 240
10 3 7 240
10 3 8 240
10 3 9 240
10 3 10 240
10 3 11 240
10 3 12 240
10 3 13 240
10 4 21 160
10 4 22 160
10 5 23 60
10 5 24 60
10 5 25 60
10 6 26 70
10 6 27 70
10 7 28 70
10 7 29 70
10 7 30 70
11 1 2 20
11 1 3 20
11 2 14 50
11 2 15 50
11 2 16 50
11 3 5 240
11 3 6 240
11 3 7 240
11 3 8 240
11 3 9 240
11 3 10 240
11 3 11 240
11 3 12 240
11 3 13 240
11 4 21 160
11 4 22 160
11 5 23 60
11 5 24 60
11 5 25 60
11 6 26 70
11 6 27 70
11 7 28 70
11 7 29 70
11 7 30 70
12 1 2 20
12 1 3 20
12 2 14 50
12 2 15 50
12 2 16 50
12 3 5 240
12 3 6 240
12 3 7 240
12 3 8 240
12 3 9 240
12 3 10 240
12 3 11 240
12 3 12 240
12 3 13 240
12 4 21 160
12 4 22 160
12 5 23 60
12 5 24 60
12 5 25 60
12 6 26 70
12 6 27 70
12 7 28 70
12 7 29 70
12 7 30 70
13 1 2 20
13 1 3 20
13 2 14 50
13 2 15 50
13 2 16 50
13 3 5 240
13 3 6 240
13 3 7 240
13 3 8 240
13 3 9 240
13 3 10 240
13 3 11 240
13 3 12 240
13 3 13 240
13 4 21 160
13 4 22 160
13 5 23 60
13 5 24 60
13 5 25 60
13 6 26 70
13 6 27 70
13 7 28 70
13 7 29 70
13 7 30 70
14 1 2 20
14 1 3 20
14 2 14 50
14 2 15 50
14 2 16 50
14 3 5 240
14 3 6 240
14 3 7 240
14 3 8 240
14 3 9 240
14 3 10 240
14 3 11 240
14 3 12 240
14 3 13 240
14 4 21 160
14 4 22 160
14 5 23 60
14 5 24 60
14 5 25 60
14 6 26 70
14 6 27 70
14 7 28 70
14 7 29 70
14 7 30 70
15 1 2 20
15 1 3 20
15 2 14 50
15 2 15 50
15 2 16 50
15 3 5 240
15 3 6 240
15 3 7 240
15 3 8 240
15 3 9 240
15 3 10 240
15 3 11 240
15 3 12 240
15 3 13 240
15 4 21 160
15 4 22 160
15 5 23 60
15 5 24 60
15 5 25 60
15 6 26 70
15 6 27 70
15 7 28 70
15 7 29 70
15 7 30 70
16 1 2 30
16 1 3 30
16 2 19 30
16 2 20 30
16 3 5 240
16 3 6 240
16 3 7 240
16 3 8 240
16 3 9 240
16 3 10 240
16 3 11 240
16 3 12 240
16 3 13 240
