15
30
3 3 7 3 3 3 3 3 7 3 3 7 7 3 7
310 465 1500 155 465 465 465 465 1500 155 465 2250 2250 310 2250
1 1 2 20
1 1 3 20
1 2 14 50
1 2 15 50
1 2 16 50
1 3 5 240
1 3 6 240
1 3 7 240
1 3 8 240
1 3 9 240
1 3 10 240
1 3 11 240
1 3 12 240
1 3 13 240
2 1 2 20
2 1 3 20
2 2 14 50
2 2 15 50
2 2 16 50
2 3 5 240
2 3 6 240
2 3 7 240
2 3 8 240
2 3 9 240
2 3 10 240
2 3 11 240
2 3 12 240
2 3 13 240
3 1 2 50
3 1 3 50
3 2 19 60
3 2 20 60
3 3 5 480
3 3 6 480
3 3 7 480
3 3 8 480
3 3 9 480
3 3 10 480
3 3 11 480
3 3 12 480
3 3 13 480
3 4 21 300
3 4 22 300
3 5 23 160
3 5 24 160
3 5 25 160
3 6 26 270
3 6 27 270
3 7 28 180
3 7 29 180
3 7 30 180
4 1 2 20
4 1 3 20
4 2 14 50
4 2 15 50
4 2 16 50
4 3 5 240
4 3 6 240
4 3 7 240
4 3 8 240
4 3 9 240
4 3 10 240
4 3 11 240
4 3 12 240
4 3 13 240
5 1 2 20
5 1 3 20
5 2 14 50
5 2 15 50
5 2 16 50
5 3 5 240
5 3 6 240
5 3 7 240
5 3 8 240
5 3 9 240
5 3 10 240
5 3 11 240
5 3 12 240
5 3 13 240
6 1 2 20
6 1 3 20
6 2 14 50
6 2 15 50
6 2 16 50
6 3 5 240
6 3 6 240
6 3 7 240
6 3 8 240
6 3 9 240
6 3 10 240
6 3 11 240
6 3 12 240
6 3 13 240
7 1 2 20
7 1 3 20
7 2 14 50
7 2 15 50
7 2 16 50
7 3 5 240
7 3 6 240
7 3 7 240
7 3 8 240
7 3 9 240
7 3 10 240
7 3 11 240
7 3 12 240
7 3 13 240
8 1 2 20
8 1 3 20
8 2 14 50
8 2 15 50
8 2 16 50
8 3 5 240
8 3 6 240
8 3 7 240
8 3 8 240
8 3 9 240
8 3 10 240
8 3 11 240
8 3 12 240
8 3 13 240
9 1 2 50
9 1 3 50
9 2 19 60
9 2 20 60
9 3 5 480
9 3 6 480
9 3 7 480
9 3 8 480
9 3 9 480
9 3 10 480
9 3 11 480
9 3 12 480
9 3 13 480
9 4 21 300
9 4 22 300
9 5 23 160
9 5 24 160
9 5 25 160
9 6 26 270
9 6 27 270
9 7 28 180
9 7 29 180
9 7 30 180
10 1 2 20
10 1 3 20
10 2 14 50
10 2 15 50
10 2 16 50
10 3 5 240
10 3 6 240
10 3 7 240
10 3 8 240
10 3 9 240
10 3 10 240
10 3 11 240
10 3 12 240
10 3 13 240
11 1 2 20
11 1 3 20
11 2 14 50
11 2 15 50
11 2 16 50
11 3 5 240
11 3 6 240
11 3 7 240
11 3 8 240
11 3 9 240
11 3 10 240
11 3 11 240
11 3 12 240
11 3 13 240
12 1 2 50
12 1 3 50
12 2 19 60
12 2 20 60
12 3 5 480
12 3 6 480
12 3 7 480
12 3 8 480
12 3 9 480
12 3 10 480
12 3 11 480
12 3 12 480
12 3 13 480
12 4 21 300
12 4 22 300
12 5 23 160
12 5 24 160
12 5 25 160
12 6 26 270
12 6 27 270
12 7 28 180
12 7 29 180
12 7 30 180
13 1 2 50
13 1 3 50
13 2 19 60
13 2 20 60
13 3 5 480
13 3 6 480
13 3 7 480
13 3 8 480
13 3 9 480
13 3 10 480
13 3 11 480
13 3 12 480
13 3 13 480
13 4 21 300
13 4 22 300
13 5 23 160
13 5 24 160
13 5 25 160
13 6 26 270
13 6 27 270
13 7 28 180
13 7 29 180
13 7 30 180
14 1 2 20
14 1 3 20
14 2 14 50
14 2 15 50
14 2 16 50
14 3 5 240
14 3 6 240
14 3 7 240
14 3 8 240
14 3 9 240
14 3 10 240
14 3 11 240
14 3 12 240
14 3 13 240
15 1 2 50
15 1 3 50
15 2 19 60
15 2 20 60
15 3 5 480
15 3 6 480
15 3 7 480
15 3 8 480
15 3 9 480
15 3 10 480
15 3 11 480
15 3 12 480
15 3 13 480
15 4 21 300
15 4 22 300
15 5 23 160
15 5 24 160
15 5 25 160
15 6 26 270
15 6 27 270
15 7 28 180
15 7 29 180
15 7 30 180
