18
30
1 1 5 5 1 5 1 5 5 5 5 1 5 1 1 5 5 5
35 20 990 1485 60 1485 20 495 1485 1485 495 70 990 105 40 990 495 495
1 1 17 70
1 1 18 70
2 1 17 40
2 1 18 40
3 1 2 150
3 1 3 150
3 2 17 200
3 2 18 200
3 3 5 440
3 3 6 440
3 3 7 440
3 3 8 440
3 3 9 440
3 3 10 440
3 3 11 440
3 3 12 440
3 3 13 440
3 4 26 110
3 4 27 110
3 5 28 90
3 5 29 90
3 5 30 90
4 1 2 150
4 1 3 150
4 2 17 200
4 2 18 200
4 3 5 440
4 3 6 440
4 3 7 440
4 3 8 440
4 3 9 440
4 3 10 440
4 3 11 440
4 3 12 440
4 3 13 440
4 4 26 110
4 4 27 110
4 5 28 90
4 5 29 90
4 5 30 90
5 1 17 40
5 1 18 40
6 1 2 150
6 1 3 150
6 2 17 200
6 2 18 200
6 3 5 440
6 3 6 440
6 3 7 440
6 3 8 440
6 3 9 440
6 3 10 440
6 3 11 440
6 3 12 440
6 3 13 440
6 4 26 110
6 4 27 110
6 5 28 90
6 5 29 90
6 5 30 90
7 1 17 40
7 1 18 40
8 1 2 150
8 1 3 150
8 2 17 200
8 2 18 200
8 3 5 440
8 3 6 440
8 3 7 440
8 3 8 440
8 3 9 440
8 3 10 440
8 3 11 440
8 3 12 440
8 3 13 440
8 4 26 110
8 4 27 110
8 5 28 90
8 5 29 90
8 5 30 90
9 1 2 150
9 1 3 150
9 2 17 200
9 2 18 200
9 3 5 440
9 3 6 440
9 3 7 440
9 3 8 440
9 3 9 440
9 3 10 440
9 3 11 440
9 3 12 440
9 3 13 440
9 4 26 110
9 4 27 110
9 5 28 90
9 5 29 90
9 5 30 90
10 1 2 150
10 1 3 150
10 2 17 200
10 2 18 200
10 3 5 440
10 3 6 440
10 3 7 440
10 3 8 440
10 3 9 440
10 3 10 440
10 3 11 440
10 3 12 440
10 3 13 440
10 4 26 110
10 4 27 110
10 5 28 90
10 5 29 90
10 5 30 90
11 1 2 150
11 1 3 150
11 2 17 200
11 2 18 200
11 3 5 440
11 3 6 440
11 3 7 440
11 3 8 440
11 3 9 440
11 3 10 440
11 3 11 440
11 3 12 440
11 3 13 440
11 4 26 110
11 4 27 110
11 5 28 90
11 5 29 90
11 5 30 90
12 1 17 70
12 1 18 70
13 1 2 150
13 1 3 150
13 2 17 200
13 2 18 200
13 3 5 440
13 3 6 440
13 3 7 440
13 3 8 440
13 3 9 440
13 3 10 440
13 3 11 440
13 3 12 440
13 3 13 440
13 4 26 110
13 4 27 110
13 5 28 90
13 5 29 90
13 5 30 90
14 1 17 70
14 1 18 70
15 1 17 40
15 1 18 40
16 1 2 150
16 1 3 150
16 2 17 200
16 2 18 200
16 3 5 440
16 3 6 440
16 3 7 440
16 3 8 440
16 3 9 440
16 3 10 440
16 3 11 440
16 3 12 440
16 3 13 440
16 4 26 110
16 4 27 110
16 5 28 90
16 5 29 90
16 5 30 90
17 1 2 150
17 1 3 150
17 2 17 200
17 2 18 200
17 3 5 440
17 3 6 440
17 3 7 440
17 3 8 440
17 3 9 440
17 3 10 440
17 3 11 440
17 3 12 440
17 3 13 440
17 4 26 110
17 4 27 110
17 5 28 90
17 5 29 90
17 5 30 90
18 1 2 150
18 1 3 150
18 2 17 200
18 2 18 200
18 3 5 440
18 3 6 440
18 3 7 440
18 3 8 440
18 3 9 440
18 3 10 440
18 3 11 440
18 3 12 440
18 3 13 440
18 4 26 110
18 4 27 110
18 5 28 90
18 5 29 90
18 5 30 90
