24
30
3 3 3 3 3 3 3 3 3 3 3 3 3 3 3 3 3 3 3 3 3 3 3 3
310 465 90 135 155 135 310 155 310 155 310 135 155 45 310 135 45 90 45 135 135 310 465 90
1 1 2 20
1 1 3 20
1 2 14 50
1 2 15 50
1 2 16 50
1 3 5 240
1 3 6 240
1 3 7 240
1 3 8 240
1 3 9 240
1 3 10 240
1 3 11 240
1 3 12 240
1 3 13 240
2 1 2 20
2 1 3 20
2 2 14 50
2 2 15 50
2 2 16 50
2 3 5 240
2 3 6 240
2 3 7 240
2 3 8 240
2 3 9 240
2 3 10 240
2 3 11 240
2 3 12 240
2 3 13 240
3 1 1 40
3 2 2 10
3 2 3 10
3 3 14 40
3 3 15 40
3 3 16 40
4 1 1 40
4 2 2 10
4 2 3 10
4 3 14 40
4 3 15 40
4 3 16 40
5 1 2 20
5 1 3 20
5 2 14 50
5 2 15 50
5 2 16 50
5 3 5 240
5 3 6 240
5 3 7 240
5 3 8 240
5 3 9 240
5 3 10 240
5 3 11 240
5 3 12 240
5 3 13 240
6 1 1 40
6 2 2 10
6 2 3 10
6 3 14 40
6 3 15 40
6 3 16 40
7 1 2 20
7 1 3 20
7 2 14 50
7 2 15 50
7 2 16 50
7 3 5 240
7 3 6 240
7 3 7 240
7 3 8 240
7 3 9 240
7 3 10 240
7 3 11 240
7 3 12 240
7 3 13 240
8 1 2 20
8 1 3 20
8 2 14 50
8 2 15 50
8 2 16 50
8 3 5 240
8 3 6 240
8 3 7 240
8 3 8 240
8 3 9 240
8 3 10 240
8 3 11 240
8 3 12 240
8 3 13 240
9 1 2 20
9 1 3 20
9 2 14 50
9 2 15 50
9 2 16 50
9 3 5 240
9 3 6 240
9 3 7 240
9 3 8 240
9 3 9 240
9 3 10 240
9 3 11 240
9 3 12 240
9 3 13 240
10 1 2 20
10 1 3 20
10 2 14 50
10 2 15 50
10 2 16 50
10 3 5 240
10 3 6 240
10 3 7 240
10 3 8 240
10 3 9 240
10 3 10 240
10 3 11 240
10 3 12 240
10 3 13 240
11 1 2 20
11 1 3 20
11 2 14 50
11 2 15 50
11 2 16 50
11 3 5 240
11 3 6 240
11 3 7 240
11 3 8 240
11 3 9 240
11 3 10 240
11 3 11 240
11 3 12 240
11 3 13 240
12 1 1 40
12 2 2 10
12 2 3 10
12 3 14 40
12 3 15 40
12 3 16 40
13 1 2 20
13 1 3 20
13 2 14 50
13 2 15 50
13 2 16 50
13 3 5 240
13 3 6 240
13 3 7 240
13 3 8 240
13 3 9 240
13 3 10 240
13 3 11 240
13 3 12 240
13 3 13 240
14 1 1 40
14 2 2 10
14 2 3 10
14 3 14 40
14 3 15 40
14 3 16 40
15 1 2 20
15 1 3 20
15 2 14 50
15 2 15 50
15 2 16 50
15 3 5 240
15 3 6 240
15 3 7 240
15 3 8 240
15 3 9 240
15 3 10 240
15 3 11 240
15 3 12 240
15 3 13 240
16 1 1 40
16 2 2 10
16 2 3 10
16 3 14 40
16 3 15 40
16 3 16 40
17 1 1 40
17 2 2 10
17 2 3 10
17 3 14 40
17 3 15 40
17 3 16 40
18 1 1 40
18 2 2 10
18 2 3 10
18 3 14 40
18 3 15 40
18 3 16 40
19 1 1 40
19 2 2 10
19 2 3 10
19 3 14 40
19 3 15 40
19 3 16 40
20 1 1 40
20 2 2 10
20 2 3 10
20 3 14 40
20 3 15 40
20 3 16 40
21 1 1 40
21 2 2 10
21 2 3 10
21 3 14 40
21 3 15 40
21 3 16 40
22 1 2 20
22 1 3 20
22 2 14 50
22 2 15 50
22 2 16 50
22 3 5 240
22 3 6 240
22 3 7 240
22 3 8 240
22 3 9 240
22 3 10 240
22 3 11 240
22 3 12 240
22 3 13 240
23 1 2 20
23 1 3 20
23 2 14 50
23 2 15 50
23 2 16 50
23 3 5 240
23 3 6 240
23 3 7 240
23 3 8 240
23 3 9 240
23 3 10 240
23 3 11 240
23 3 12 240
23 3 13 240
24 1 1 40
24 2 2 10
24 2 3 10
24 3 14 40
24 3 15 40
24 3 16 40
