10
30
2 6 2 6 2 2 2 2 2 2
60 1130 80 565 80 90 90 90 90 60
1 1 4 10
1 2 17 50
1 2 18 50
2 1 4 20
2 2 14 140
2 2 15 140
2 2 16 140
2 3 21 410
2 3 22 410
2 4 23 110
2 4 24 110
2 4 25 110
2 5 26 270
2 5 27 270
2 6 28 180
2 6 29 180
2 6 30 180
3 1 4 50
3 2 19 110
3 2 20 110
4 1 4 20
4 2 14 140
4 2 15 140
4 2 16 140
4 3 21 410
4 3 22 410
4 4 23 110
4 4 24 110
4 4 25 110
4 5 26 270
4 5 27 270
4 6 28 180
4 6 29 180
4 6 30 180
5 1 4 50
5 2 19 110
5 2 20 110
6 1 4 10
6 2 17 50
6 2 18 50
7 1 4 10
7 2 17 50
7 2 18 50
8 1 4 10
8 2 17 50
8 2 18 50
9 1 4 10
9 2 17 50
9 2 18 50
10 1 4 10
10 2 17 50
10 2 18 50
