16
30
3 3 3 3 7 3 3 7 3 7 7 7 7 3 7 7
465 465 450 435 2250 450 435 750 310 1500 1500 2250 1500 310 1500 1500
1 1 2 20
1 1 3 20
1 2 14 50
1 2 15 50
1 2 16 50
1 3 5 240
1 3 6 240
1 3 7 240
1 3 8 240
1 3 9 240
1 3 10 240
1 3 11 240
1 3 12 240
1 3 13 240
2 1 2 20
2 1 3 20
2 2 14 50
2 2 15 50
2 2 16 50
2 3 5 240
2 3 6 240
2 3 7 240
2 3 8 240
2 3 9 240
2 3 10 240
2 3 11 240
2 3 12 240
2 3 13 240
3 1 2 30
3 1 3 30
3 2 19 30
3 2 20 30
3 3 5 240
3 3 6 240
3 3 7 240
3 3 8 240
3 3 9 240
3 3 10 240
3 3 11 240
3 3 12 240
3 3 13 240
4 1 2 20
4 1 3 20
4 2 19 30
4 2 20 30
4 3 5 240
4 3 6 240
4 3 7 240
4 3 8 240
4 3 9 240
4 3 10 240
4 3 11 240
4 3 12 240
4 3 13 240
5 1 2 50
5 1 3 50
5 2 19 60
5 2 20 60
5 3 5 480
5 3 6 480
5 3 7 480
5 3 8 480
5 3 9 480
5 3 10 480
5 3 11 480
5 3 12 480
5 3 13 480
5 4 21 300
5 4 22 300
5 5 23 160
5 5 24 160
5 5 25 160
5 6 26 270
5 6 27 270
5 7 28 180
5 7 29 180
5 7 30 180
6 1 2 30
6 1 3 30
6 2 19 30
6 2 20 30
6 3 5 240
6 3 6 240
6 3 7 240
6 3 8 240
6 3 9 240
6 3 10 240
6 3 11 240
6 3 12 240
6 3 13 240
7 1 2 20
7 1 3 20
7 2 19 30
7 2 20 30
7 3 5 240
7 3 6 240
7 3 7 240
7 3 8 240
7 3 9 240
7 3 10 240
7 3 11 240
7 3 12 240
7 3 13 240
8 1 2 50
8 1 3 50
8 2 19 60
8 2 20 60
8 3 5 480
8 3 6 480
8 3 7 480
8 3 8 480
8 3 9 480
8 3 10 480
8 3 11 480
8 3 12 480
8 3 13 480
8 4 21 300
8 4 22 300
8 5 23 160
8 5 24 160
8 5 25 160
8 6 26 270
8 6 27 270
8 7 28 180
8 7 29 180
8 7 30 180
9 1 2 20
9 1 3 20
9 2 14 50
9 2 15 50
9 2 16 50
9 3 5 240
9 3 6 240
9 3 7 240
9 3 8 240
9 3 9 240
9 3 10 240
9 3 11 240
9 3 12 240
9 3 13 240
10 1 2 50
10 1 3 50
10 2 19 60
10 2 20 60
10 3 5 480
10 3 6 480
10 3 7 480
10 3 8 480
10 3 9 480
10 3 10 480
10 3 11 480
10 3 12 480
10 3 13 480
10 4 21 300
10 4 22 300
10 5 23 160
10 5 24 160
10 5 25 160
10 6 26 270
10 6 27 270
10 7 28 180
10 7 29 180
10 7 30 180
11 1 2 50
11 1 3 50
11 2 19 60
11 2 20 60
11 3 5 480
11 3 6 480
11 3 7 480
11 3 8 480
11 3 9 480
11 3 10 480
11 3 11 480
11 3 12 480
11 3 13 480
11 4 21 300
11 4 22 300
11 5 23 160
11 5 24 160
11 5 25 160
11 6 26 270
11 6 27 270
11 7 28 180
11 7 29 180
11 7 30 180
12 1 2 50
12 1 3 50
12 2 19 60
12 2 20 60
12 3 5 480
12 3 6 480
12 3 7 480
12 3 8 480
12 3 9 480
12 3 10 480
12 3 11 480
12 3 12 480
12 3 13 480
12 4 21 300
12 4 22 300
12 5 23 160
12 5 24 160
12 5 25 160
12 6 26 270
12 6 27 270
12 7 28 180
12 7 29 180
12 7 30 180
13 1 2 50
13 1 3 50
13 2 19 60
13 2 20 60
13 3 5 480
13 3 6 480
13 3 7 480
13 3 8 480
13 3 9 480
13 3 10 480
13 3 11 480
13 3 12 480
13 3 13 480
13 4 21 300
13 4 22 300
13 5 23 160
13 5 24 160
13 5 25 160
13 6 26 270
13 6 27 270
13 7 28 180
13 7 29 180
13 7 30 180
14 1 2 20
14 1 3 20
14 2 14 50
14 2 15 50
14 2 16 50
14 3 5 240
14 3 6 240
14 3 7 240
14 3 8 240
14 3 9 240
14 3 10 240
14 3 11 240
14 3 12 240
14 3 13 240
15 1 2 50
15 1 3 50
15 2 19 60
15 2 20 60
15 3 5 480
15 3 6 480
15 3 7 480
15 3 8 480
15 3 9 480
15 3 10 480
15 3 11 480
15 3 12 480
15 3 13 480
15 4 21 300
15 4 22 300
15 5 23 160
15 5 24 160
15 5 25 160
15 6 26 270
15 6 27 270
15 7 28 180
15 7 29 180
15 7 30 180
16 1 2 50
16 1 3 50
16 2 19 60
16 2 20 60
16 3 5 480
16 3 6 480
16 3 7 480
16 3 8 480
16 3 9 480
16 3 10 480
16 3 11 480
16 3 12 480
16 3 13 480
16 4 21 300
16 4 22 300
16 5 23 160
16 5 24 160
16 5 25 160
16 6 26 270
16 6 27 270
16 7 28 180
16 7 29 180
16 7 30 180
