13
30
1 5 5 1 1 5 5 5 5 5 1 1 5
20 990 495 60 60 495 495 1485 990 990 40 60 1485
1 1 17 40
1 1 18 40
2 1 2 150
2 1 3 150
2 2 17 200
2 2 18 200
2 3 5 440
2 3 6 440
2 3 7 440
2 3 8 440
2 3 9 440
2 3 10 440
2 3 11 440
2 3 12 440
2 3 13 440
2 4 26 110
2 4 27 110
2 5 28 90
2 5 29 90
2 5 30 90
3 1 2 150
3 1 3 150
3 2 17 200
3 2 18 200
3 3 5 440
3 3 6 440
3 3 7 440
3 3 8 440
3 3 9 440
3 3 10 440
3 3 11 440
3 3 12 440
3 3 13 440
3 4 26 110
3 4 27 110
3 5 28 90
3 5 29 90
3 5 30 90
4 1 17 40
4 1 18 40
5 1 17 40
5 1 18 40
6 1 2 150
6 1 3 150
6 2 17 200
6 2 18 200
6 3 5 440
6 3 6 440
6 3 7 440
6 3 8 440
6 3 9 440
6 3 10 440
6 3 11 440
6 3 12 440
6 3 13 440
6 4 26 110
6 4 27 110
6 5 28 90
6 5 29 90
6 5 30 90
7 1 2 150
7 1 3 150
7 2 17 200
7 2 18 200
7 3 5 440
7 3 6 440
7 3 7 440
7 3 8 440
7 3 9 440
7 3 10 440
7 3 11 440
7 3 12 440
7 3 13 440
7 4 26 110
7 4 27 110
7 5 28 90
7 5 29 90
7 5 30 90
8 1 2 150
8 1 3 150
8 2 17 200
8 2 18 200
8 3 5 440
8 3 6 440
8 3 7 440
8 3 8 440
8 3 9 440
8 3 10 440
8 3 11 440
8 3 12 440
8 3 13 440
8 4 26 110
8 4 27 110
8 5 28 90
8 5 29 90
8 5 30 90
9 1 2 150
9 1 3 150
9 2 17 200
9 2 18 200
9 3 5 440
9 3 6 440
9 3 7 440
9 3 8 440
9 3 9 440
9 3 10 440
9 3 11 440
9 3 12 440
9 3 13 440
9 4 26 110
9 4 27 110
9 5 28 90
9 5 29 90
9 5 30 90
10 1 2 150
10 1 3 150
10 2 17 200
10 2 18 200
10 3 5 440
10 3 6 440
10 3 7 440
10 3 8 440
10 3 9 440
10 3 10 440
10 3 11 440
10 3 12 440
10 3 13 440
10 4 26 110
10 4 27 110
10 5 28 90
10 5 29 90
10 5 30 90
11 1 17 40
11 1 18 40
12 1 17 40
12 1 18 40
13 1 2 150
13 1 3 150
13 2 17 200
13 2 18 200
13 3 5 440
13 3 6 440
13 3 7 440
13 3 8 440
13 3 9 440
13 3 10 440
13 3 11 440
13 3 12 440
13 3 13 440
13 4 26 110
13 4 27 110
13 5 28 90
13 5 29 90
13 5 30 90
