11
30
6 3 3 6 3 6 3 3 3 3 3
565 45 90 1130 135 1695 90 90 90 90 90
1 1 4 20
1 2 14 140
1 2 15 140
1 2 16 140
1 3 21 410
1 3 22 410
1 4 23 110
1 4 24 110
1 4 25 110
1 5 26 270
1 5 27 270
1 6 28 180
1 6 29 180
1 6 30 180
2 1 1 40
2 2 2 10
2 2 3 10
2 3 14 40
2 3 15 40
2 3 16 40
3 1 1 40
3 2 2 10
3 2 3 10
3 3 14 40
3 3 15 40
3 3 16 40
4 1 4 20
4 2 14 140
4 2 15 140
4 2 16 140
4 3 21 410
4 3 22 410
4 4 23 110
4 4 24 110
4 4 25 110
4 5 26 270
4 5 27 270
4 6 28 180
4 6 29 180
4 6 30 180
5 1 1 40
5 2 2 10
5 2 3 10
5 3 14 40
5 3 15 40
5 3 16 40
6 1 4 20
6 2 14 140
6 2 15 140
6 2 16 140
6 3 21 410
6 3 22 410
6 4 23 110
6 4 24 110
6 4 25 110
6 5 26 270
6 5 27 270
6 6 28 180
6 6 29 180
6 6 30 180
7 1 1 40
7 2 2 10
7 2 3 10
7 3 14 40
7 3 15 40
7 3 16 40
8 1 1 40
8 2 2 10
8 2 3 10
8 3 14 40
8 3 15 40
8 3 16 40
9 1 1 40
9 2 2 10
9 2 3 10
9 3 14 40
9 3 15 40
9 3 16 40
10 1 1 40
10 2 2 10
10 2 3 10
10 3 14 40
10 3 15 40
10 3 16 40
11 1 1 40
11 2 2 10
11 2 3 10
11 3 14 40
11 3 15 40
11 3 16 40
