9
30
3 3 6 6 3 3 3 6 6
300 150 710 355 150 150 450 355 355
1 1 2 30
1 1 3 30
1 2 19 30
1 2 20 30
1 3 5 240
1 3 6 240
1 3 7 240
1 3 8 240
1 3 9 240
1 3 10 240
1 3 11 240
1 3 12 240
1 3 13 240
2 1 2 30
2 1 3 30
2 2 19 30
2 2 20 30
2 3 5 240
2 3 6 240
2 3 7 240
2 3 8 240
2 3 9 240
2 3 10 240
2 3 11 240
2 3 12 240
2 3 13 240
3 1 2 30
3 1 3 30
3 2 14 40
3 2 15 40
3 2 16 40
3 3 21 240
3 3 22 240
3 4 23 120
3 4 24 120
3 4 25 120
3 5 26 140
3 5 27 140
3 6 28 140
3 6 29 140
3 6 30 140
4 1 2 30
4 1 3 30
4 2 14 40
4 2 15 40
4 2 16 40
4 3 21 240
4 3 22 240
4 4 23 120
4 4 24 120
4 4 25 120
4 5 26 140
4 5 27 140
4 6 28 140
4 6 29 140
4 6 30 140
5 1 2 30
5 1 3 30
5 2 19 30
5 2 20 30
5 3 5 240
5 3 6 240
5 3 7 240
5 3 8 240
5 3 9 240
5 3 10 240
5 3 11 240
5 3 12 240
5 3 13 240
6 1 2 30
6 1 3 30
6 2 19 30
6 2 20 30
6 3 5 240
6 3 6 240
6 3 7 240
6 3 8 240
6 3 9 240
6 3 10 240
6 3 11 240
6 3 12 240
6 3 13 240
7 1 2 30
7 1 3 30
7 2 19 30
7 2 20 30
7 3 5 240
7 3 6 240
7 3 7 240
7 3 8 240
7 3 9 240
7 3 10 240
7 3 11 240
7 3 12 240
7 3 13 240
8 1 2 30
8 1 3 30
8 2 14 40
8 2 15 40
8 2 16 40
8 3 21 240
8 3 22 240
8 4 23 120
8 4 24 120
8 4 25 120
8 5 26 140
8 5 27 140
8 6 28 140
8 6 29 140
8 6 30 140
9 1 2 30
9 1 3 30
9 2 14 40
9 2 15 40
9 2 16 40
9 3 21 240
9 3 22 240
9 4 23 120
9 4 24 120
9 4 25 120
9 5 26 140
9 5 27 140
9 6 28 140
9 6 29 140
9 6 30 140
