7
30
7 7 7 7 7 7 7
1500 670 335 670 750 335 1500
1 1 2 50
1 1 3 50
1 2 19 60
1 2 20 60
1 3 5 480
1 3 6 480
1 3 7 480
1 3 8 480
1 3 9 480
1 3 10 480
1 3 11 480
1 3 12 480
1 3 13 480
1 4 21 300
1 4 22 300
1 5 23 160
1 5 24 160
1 5 25 160
1 6 26 270
1 6 27 270
1 7 28 180
1 7 29 180
1 7 30 180
2 1 2 20
2 1 3 20
2 2 14 50
2 2 15 50
2 2 16 50
2 3 5 240
2 3 6 240
2 3 7 240
2 3 8 240
2 3 9 240
2 3 10 240
2 3 11 240
2 3 12 240
2 3 13 240
2 4 21 160
2 4 22 160
2 5 23 60
2 5 24 60
2 5 25 60
2 6 26 70
2 6 27 70
2 7 28 70
2 7 29 70
2 7 30 70
3 1 2 20
3 1 3 20
3 2 14 50
3 2 15 50
3 2 16 50
3 3 5 240
3 3 6 240
3 3 7 240
3 3 8 240
3 3 9 240
3 3 10 240
3 3 11 240
3 3 12 240
3 3 13 240
3 4 21 160
3 4 22 160
3 5 23 60
3 5 24 60
3 5 25 60
3 6 26 70
3 6 27 70
3 7 28 70
3 7 29 70
3 7 30 70
4 1 2 20
4 1 3 20
4 2 14 50
4 2 15 50
4 2 16 50
4 3 5 240
4 3 6 240
4 3 7 240
4 3 8 240
4 3 9 240
4 3 10 240
4 3 11 240
4 3 12 240
4 3 13 240
4 4 21 160
4 4 22 160
4 5 23 60
4 5 24 60
4 5 25 60
4 6 26 70
4 6 27 70
4 7 28 70
4 7 29 70
4 7 30 70
5 1 2 50
5 1 3 50
5 2 19 60
5 2 20 60
5 3 5 480
5 3 6 480
5 3 7 480
5 3 8 480
5 3 9 480
5 3 10 480
5 3 11 480
5 3 12 480
5 3 13 480
5 4 21 300
5 4 22 300
5 5 23 160
5 5 24 160
5 5 25 160
5 6 26 270
5 6 27 270
5 7 28 180
5 7 29 180
5 7 30 180
6 1 2 20
6 1 3 20
6 2 14 50
6 2 15 50
6 2 16 50
6 3 5 240
6 3 6 240
6 3 7 240
6 3 8 240
6 3 9 240
6 3 10 240
6 3 11 240
6 3 12 240
6 3 13 240
6 4 21 160
6 4 22 160
6 5 23 60
6 5 24 60
6 5 25 60
6 6 26 70
6 6 27 70
6 7 28 70
6 7 29 70
6 7 30 70
7 1 2 50
7 1 3 50
7 2 19 60
7 2 20 60
7 3 5 480
7 3 6 480
7 3 7 480
7 3 8 480
7 3 9 480
7 3 10 480
7 3 11 480
7 3 12 480
7 3 13 480
7 4 21 300
7 4 22 300
7 5 23 160
7 5 24 160
7 5 25 160
7 6 26 270
7 6 27 270
7 7 28 180
7 7 29 180
7 7 30 180
