10
30
6 3 3 6 3 3 6 6 6 6
1130 45 45 565 135 135 1130 1130 1695 565
1 1 4 20
1 2 14 140
1 2 15 140
1 2 16 140
1 3 21 410
1 3 22 410
1 4 23 110
1 4 24 110
1 4 25 110
1 5 26 270
1 5 27 270
1 6 28 180
1 6 29 180
1 6 30 180
2 1 1 40
2 2 2 10
2 2 3 10
2 3 14 40
2 3 15 40
2 3 16 40
3 1 1 40
3 2 2 10
3 2 3 10
3 3 14 40
3 3 15 40
3 3 16 40
4 1 4 20
4 2 14 140
4 2 15 140
4 2 16 140
4 3 21 410
4 3 22 410
4 4 23 110
4 4 24 110
4 4 25 110
4 5 26 270
4 5 27 270
4 6 28 180
4 6 29 180
4 6 30 180
5 1 1 40
5 2 2 10
5 2 3 10
5 3 14 40
5 3 15 40
5 3 16 40
6 1 1 40
6 2 2 10
6 2 3 10
6 3 14 40
6 3 15 40
6 3 16 40
7 1 4 20
7 2 14 140
7 2 15 140
7 2 16 140
7 3 21 410
7 3 22 410
7 4 23 110
7 4 24 110
7 4 25 110
7 5 26 270
7 5 27 270
7 6 28 180
7 6 29 180
7 6 30 180
8 1 4 20
8 2 14 140
8 2 15 140
8 2 16 140
8 3 21 410
8 3 22 410
8 4 23 110
8 4 24 110
8 4 25 110
8 5 26 270
8 5 27 270
8 6 28 180
8 6 29 180
8 6 30 180
9 1 4 20
9 2 14 140
9 2 15 140
9 2 16 140
9 3 21 410
9 3 22 410
9 4 23 110
9 4 24 110
9 4 25 110
9 5 26 270
9 5 27 270
9 6 28 180
9 6 29 180
9 6 30 180
10 1 4 20
10 2 14 140
10 2 15 140
10 2 16 140
10 3 21 410
10 3 22 410
10 4 23 110
10 4 24 110
10 4 25 110
10 5 26 270
10 5 27 270
10 6 28 180
10 6 29 180
10 6 30 180
