16
30
6 6 2 3 3 6 3 6 3 6 3 3 6 3 3 6
710 710 160 450 290 710 145 355 435 355 450 145 710 145 290 710
1 1 2 30
1 1 3 30
1 2 14 40
1 2 15 40
1 2 16 40
1 3 21 240
1 3 22 240
1 4 23 120
1 4 24 120
1 4 25 120
1 5 26 140
1 5 27 140
1 6 28 140
1 6 29 140
1 6 30 140
2 1 2 30
2 1 3 30
2 2 14 40
2 2 15 40
2 2 16 40
2 3 21 240
2 3 22 240
2 4 23 120
2 4 24 120
2 4 25 120
2 5 26 140
2 5 27 140
2 6 28 140
2 6 29 140
2 6 30 140
3 1 4 50
3 2 19 110
3 2 20 110
4 1 2 30
4 1 3 30
4 2 19 30
4 2 20 30
4 3 5 240
4 3 6 240
4 3 7 240
4 3 8 240
4 3 9 240
4 3 10 240
4 3 11 240
4 3 12 240
4 3 13 240
5 1 2 20
5 1 3 20
5 2 19 30
5 2 20 30
5 3 5 240
5 3 6 240
5 3 7 240
5 3 8 240
5 3 9 240
5 3 10 240
5 3 11 240
5 3 12 240
5 3 13 240
6 1 2 30
6 1 3 30
6 2 14 40
6 2 15 40
6 2 16 40
6 3 21 240
6 3 22 240
6 4 23 120
6 4 24 120
6 4 25 120
6 5 26 140
6 5 27 140
6 6 28 140
6 6 29 140
6 6 30 140
7 1 2 20
7 1 3 20
7 2 19 30
7 2 20 30
7 3 5 240
7 3 6 240
7 3 7 240
7 3 8 240
7 3 9 240
7 3 10 240
7 3 11 240
7 3 12 240
7 3 13 240
8 1 2 30
8 1 3 30
8 2 14 40
8 2 15 40
8 2 16 40
8 3 21 240
8 3 22 240
8 4 23 120
8 4 24 120
8 4 25 120
8 5 26 140
8 5 27 140
8 6 28 140
8 6 29 140
8 6 30 140
9 1 2 20
9 1 3 20
9 2 19 30
9 2 20 30
9 3 5 240
9 3 6 240
9 3 7 240
9 3 8 240
9 3 9 240
9 3 10 240
9 3 11 240
9 3 12 240
9 3 13 240
10 1 2 30
10 1 3 30
10 2 14 40
10 2 15 40
10 2 16 40
10 3 21 240
10 3 22 240
10 4 23 120
10 4 24 120
10 4 25 120
10 5 26 140
10 5 27 140
10 6 28 140
10 6 29 140
10 6 30 140
11 1 2 30
11 1 3 30
11 2 19 30
11 2 20 30
11 3 5 240
11 3 6 240
11 3 7 240
11 3 8 240
11 3 9 240
11 3 10 240
11 3 11 240
11 3 12 240
11 3 13 240
12 1 2 20
12 1 3 20
12 2 19 30
12 2 20 30
12 3 5 240
12 3 6 240
12 3 7 240
12 3 8 240
12 3 9 240
12 3 10 240
12 3 11 240
12 3 12 240
12 3 13 240
13 1 2 30
13 1 3 30
13 2 14 40
13 2 15 40
13 2 16 40
13 3 21 240
13 3 22 240
13 4 23 120
13 4 24 120
13 4 25 120
13 5 26 140
13 5 27 140
13 6 28 140
13 6 29 140
13 6 30 140
14 1 2 20
14 1 3 20
14 2 19 30
14 2 20 30
14 3 5 240
14 3 6 240
14 3 7 240
14 3 8 240
14 3 9 240
14 3 10 240
14 3 11 240
14 3 12 240
14 3 13 240
15 1 2 20
15 1 3 20
15 2 19 30
15 2 20 30
15 3 5 240
15 3 6 240
15 3 7 240
15 3 8 240
15 3 9 240
15 3 10 240
15 3 11 240
15 3 12 240
15 3 13 240
16 1 2 30
16 1 3 30
16 2 14 40
16 2 15 40
16 2 16 40
16 3 21 240
16 3 22 240
16 4 23 120
16 4 24 120
16 4 25 120
16 5 26 140
16 5 27 140
16 6 28 140
16 6 29 140
16 6 30 140
