6
30
7 7 6 6 7 7
335 670 1130 1130 670 1005
1 1 2 20
1 1 3 20
1 2 14 50
1 2 15 50
1 2 16 50
1 3 5 240
1 3 6 240
1 3 7 240
1 3 8 240
1 3 9 240
1 3 10 240
1 3 11 240
1 3 12 240
1 3 13 240
1 4 21 160
1 4 22 160
1 5 23 60
1 5 24 60
1 5 25 60
1 6 26 70
1 6 27 70
1 7 28 70
1 7 29 70
1 7 30 70
2 1 2 20
2 1 3 20
2 2 14 50
2 2 15 50
2 2 16 50
2 3 5 240
2 3 6 240
2 3 7 240
2 3 8 240
2 3 9 240
2 3 10 240
2 3 11 240
2 3 12 240
2 3 13 240
2 4 21 160
2 4 22 160
2 5 23 60
2 5 24 60
2 5 25 60
2 6 26 70
2 6 27 70
2 7 28 70
2 7 29 70
2 7 30 70
3 1 4 20
3 2 14 140
3 2 15 140
3 2 16 140
3 3 21 410
3 3 22 410
3 4 23 110
3 4 24 110
3 4 25 110
3 5 26 270
3 5 27 270
3 6 28 180
3 6 29 180
3 6 30 180
4 1 4 20
4 2 14 140
4 2 15 140
4 2 16 140
4 3 21 410
4 3 22 410
4 4 23 110
4 4 24 110
4 4 25 110
4 5 26 270
4 5 27 270
4 6 28 180
4 6 29 180
4 6 30 180
5 1 2 20
5 1 3 20
5 2 14 50
5 2 15 50
5 2 16 50
5 3 5 240
5 3 6 240
5 3 7 240
5 3 8 240
5 3 9 240
5 3 10 240
5 3 11 240
5 3 12 240
5 3 13 240
5 4 21 160
5 4 22 160
5 5 23 60
5 5 24 60
5 5 25 60
5 6 26 70
5 6 27 70
5 7 28 70
5 7 29 70
5 7 30 70
6 1 2 20
6 1 3 20
6 2 14 50
6 2 15 50
6 2 16 50
6 3 5 240
6 3 6 240
6 3 7 240
6 3 8 240
6 3 9 240
6 3 10 240
6 3 11 240
6 3 12 240
6 3 13 240
6 4 21 160
6 4 22 160
6 5 23 60
6 5 24 60
6 5 25 60
6 6 26 70
6 6 27 70
6 7 28 70
6 7 29 70
6 7 30 70
