11
30
3 3 7 3 7 7 3 3 7 3 3
300 145 1500 450 750 1500 300 450 1500 150 145
1 1 2 30
1 1 3 30
1 2 19 30
1 2 20 30
1 3 5 240
1 3 6 240
1 3 7 240
1 3 8 240
1 3 9 240
1 3 10 240
1 3 11 240
1 3 12 240
1 3 13 240
2 1 2 20
2 1 3 20
2 2 19 30
2 2 20 30
2 3 5 240
2 3 6 240
2 3 7 240
2 3 8 240
2 3 9 240
2 3 10 240
2 3 11 240
2 3 12 240
2 3 13 240
3 1 2 50
3 1 3 50
3 2 19 60
3 2 20 60
3 3 5 480
3 3 6 480
3 3 7 480
3 3 8 480
3 3 9 480
3 3 10 480
3 3 11 480
3 3 12 480
3 3 13 480
3 4 21 300
3 4 22 300
3 5 23 160
3 5 24 160
3 5 25 160
3 6 26 270
3 6 27 270
3 7 28 180
3 7 29 180
3 7 30 180
4 1 2 30
4 1 3 30
4 2 19 30
4 2 20 30
4 3 5 240
4 3 6 240
4 3 7 240
4 3 8 240
4 3 9 240
4 3 10 240
4 3 11 240
4 3 12 240
4 3 13 240
5 1 2 50
5 1 3 50
5 2 19 60
5 2 20 60
5 3 5 480
5 3 6 480
5 3 7 480
5 3 8 480
5 3 9 480
5 3 10 480
5 3 11 480
5 3 12 480
5 3 13 480
5 4 21 300
5 4 22 300
5 5 23 160
5 5 24 160
5 5 25 160
5 6 26 270
5 6 27 270
5 7 28 180
5 7 29 180
5 7 30 180
6 1 2 50
6 1 3 50
6 2 19 60
6 2 20 60
6 3 5 480
6 3 6 480
6 3 7 480
6 3 8 480
6 3 9 480
6 3 10 480
6 3 11 480
6 3 12 480
6 3 13 480
6 4 21 300
6 4 22 300
6 5 23 160
6 5 24 160
6 5 25 160
6 6 26 270
6 6 27 270
6 7 28 180
6 7 29 180
6 7 30 180
7 1 2 30
7 1 3 30
7 2 19 30
7 2 20 30
7 3 5 240
7 3 6 240
7 3 7 240
7 3 8 240
7 3 9 240
7 3 10 240
7 3 11 240
7 3 12 240
7 3 13 240
8 1 2 30
8 1 3 30
8 2 19 30
8 2 20 30
8 3 5 240
8 3 6 240
8 3 7 240
8 3 8 240
8 3 9 240
8 3 10 240
8 3 11 240
8 3 12 240
8 3 13 240
9 1 2 50
9 1 3 50
9 2 19 60
9 2 20 60
9 3 5 480
9 3 6 480
9 3 7 480
9 3 8 480
9 3 9 480
9 3 10 480
9 3 11 480
9 3 12 480
9 3 13 480
9 4 21 300
9 4 22 300
9 5 23 160
9 5 24 160
9 5 25 160
9 6 26 270
9 6 27 270
9 7 28 180
9 7 29 180
9 7 30 180
10 1 2 30
10 1 3 30
10 2 19 30
10 2 20 30
10 3 5 240
10 3 6 240
10 3 7 240
10 3 8 240
10 3 9 240
10 3 10 240
10 3 11 240
10 3 12 240
10 3 13 240
11 1 2 20
11 1 3 20
11 2 19 30
11 2 20 30
11 3 5 240
11 3 6 240
11 3 7 240
11 3 8 240
11 3 9 240
11 3 10 240
11 3 11 240
11 3 12 240
11 3 13 240
