16
30
2 3 3 6 3 3 3 6 3 3 3 3 2 2 3 3
160 310 155 565 310 465 155 565 310 310 310 310 240 160 465 155
1 1 4 50
1 2 19 110
1 2 20 110
2 1 2 20
2 1 3 20
2 2 14 50
2 2 15 50
2 2 16 50
2 3 5 240
2 3 6 240
2 3 7 240
2 3 8 240
2 3 9 240
2 3 10 240
2 3 11 240
2 3 12 240
2 3 13 240
3 1 2 20
3 1 3 20
3 2 14 50
3 2 15 50
3 2 16 50
3 3 5 240
3 3 6 240
3 3 7 240
3 3 8 240
3 3 9 240
3 3 10 240
3 3 11 240
3 3 12 240
3 3 13 240
4 1 4 20
4 2 14 140
4 2 15 140
4 2 16 140
4 3 21 410
4 3 22 410
4 4 23 110
4 4 24 110
4 4 25 110
4 5 26 270
4 5 27 270
4 6 28 180
4 6 29 180
4 6 30 180
5 1 2 20
5 1 3 20
5 2 14 50
5 2 15 50
5 2 16 50
5 3 5 240
5 3 6 240
5 3 7 240
5 3 8 240
5 3 9 240
5 3 10 240
5 3 11 240
5 3 12 240
5 3 13 240
6 1 2 20
6 1 3 20
6 2 14 50
6 2 15 50
6 2 16 50
6 3 5 240
6 3 6 240
6 3 7 240
6 3 8 240
6 3 9 240
6 3 10 240
6 3 11 240
6 3 12 240
6 3 13 240
7 1 2 20
7 1 3 20
7 2 14 50
7 2 15 50
7 2 16 50
7 3 5 240
7 3 6 240
7 3 7 240
7 3 8 240
7 3 9 240
7 3 10 240
7 3 11 240
7 3 12 240
7 3 13 240
8 1 4 20
8 2 14 140
8 2 15 140
8 2 16 140
8 3 21 410
8 3 22 410
8 4 23 110
8 4 24 110
8 4 25 110
8 5 26 270
8 5 27 270
8 6 28 180
8 6 29 180
8 6 30 180
9 1 2 20
9 1 3 20
9 2 14 50
9 2 15 50
9 2 16 50
9 3 5 240
9 3 6 240
9 3 7 240
9 3 8 240
9 3 9 240
9 3 10 240
9 3 11 240
9 3 12 240
9 3 13 240
10 1 2 20
10 1 3 20
10 2 14 50
10 2 15 50
10 2 16 50
10 3 5 240
10 3 6 240
10 3 7 240
10 3 8 240
10 3 9 240
10 3 10 240
10 3 11 240
10 3 12 240
10 3 13 240
11 1 2 20
11 1 3 20
11 2 14 50
11 2 15 50
11 2 16 50
11 3 5 240
11 3 6 240
11 3 7 240
11 3 8 240
11 3 9 240
11 3 10 240
11 3 11 240
11 3 12 240
11 3 13 240
12 1 2 20
12 1 3 20
12 2 14 50
12 2 15 50
12 2 16 50
12 3 5 240
12 3 6 240
12 3 7 240
12 3 8 240
12 3 9 240
12 3 10 240
12 3 11 240
12 3 12 240
12 3 13 240
13 1 4 50
13 2 19 110
13 2 20 110
14 1 4 50
14 2 19 110
14 2 20 110
15 1 2 20
15 1 3 20
15 2 14 50
15 2 15 50
15 2 16 50
15 3 5 240
15 3 6 240
15 3 7 240
15 3 8 240
15 3 9 240
15 3 10 240
15 3 11 240
15 3 12 240
15 3 13 240
16 1 2 20
16 1 3 20
16 2 14 50
16 2 15 50
16 2 16 50
16 3 5 240
16 3 6 240
16 3 7 240
16 3 8 240
16 3 9 240
16 3 10 240
16 3 11 240
16 3 12 240
16 3 13 240
