22
30
2 2 2 2 2 2 2 2 2 2 2 2 2 2 2 2 2 2 2 2 2 2
160 30 240 30 240 90 160 160 60 80 240 80 90 80 60 80 90 90 240 90 60 160
1 1 4 50
1 2 19 110
1 2 20 110
2 1 4 10
2 2 17 50
2 2 18 50
3 1 4 50
3 2 19 110
3 2 20 110
4 1 4 10
4 2 17 50
4 2 18 50
5 1 4 50
5 2 19 110
5 2 20 110
6 1 4 10
6 2 17 50
6 2 18 50
7 1 4 50
7 2 19 110
7 2 20 110
8 1 4 50
8 2 19 110
8 2 20 110
9 1 4 10
9 2 17 50
9 2 18 50
10 1 4 50
10 2 19 110
10 2 20 110
11 1 4 50
11 2 19 110
11 2 20 110
12 1 4 50
12 2 19 110
12 2 20 110
13 1 4 10
13 2 17 50
13 2 18 50
14 1 4 50
14 2 19 110
14 2 20 110
15 1 4 10
15 2 17 50
15 2 18 50
16 1 4 50
16 2 19 110
16 2 20 110
17 1 4 10
17 2 17 50
17 2 18 50
18 1 4 10
18 2 17 50
18 2 18 50
19 1 4 50
19 2 19 110
19 2 20 110
20 1 4 10
20 2 17 50
20 2 18 50
21 1 4 10
21 2 17 50
21 2 18 50
22 1 4 50
22 2 19 110
22 2 20 110
