 episode  sum_reward  tardiness
       1   -0.266849    13505.0
       2   -0.732207    34970.0
       3   -1.266859    60775.0
       4   -1.626583    88665.0
       5   -1.993012   105350.0
       6   -1.803969   114720.0
       7   -1.570366   128535.0
       8   -1.780486   137380.0
       9   -1.856990   147900.0
      10   -1.964120   159405.0
      11   -2.176439   169850.0
      12   -2.519160     2605.0
      13   -0.458342    20755.0
      14   -1.031250    49005.0
      15   -1.540819    79195.0
      16   -1.932882   102115.0
      17   -2.232316   123220.0
      18   -1.981609   134975.0
      19   -1.818283   145485.0
      20   -2.025297   158745.0
      21   -2.047892   168050.0
      22   -2.181648   179480.0
      23   -2.270738   188965.0
      24   -2.731583     5895.0
      25   -0.463314    22770.0
      26   -1.005120    52890.0
      27   -1.579712    81245.0
      28   -2.088253   112880.0
      29   -2.355007   129080.0
      30   -2.062370   140235.0
      31   -1.886233   151340.0
      32   -2.071151   164905.0
      33   -2.170354   174160.0
      34   -2.324613   189730.0
      35   -2.594146   204315.0
      36   -2.826927     8440.0
      37   -0.444146    21930.0
      38   -0.976703    55500.0
      39   -1.627464    77955.0
      40   -2.530073   117585.0
      41   -2.905062   160975.0
      42   -2.883257   175385.0
      43   -2.567054   191450.0
      44   -2.733936   206485.0
      45   -2.670182   215965.0
      46   -2.687576   231575.0
      47   -2.893738   241570.0
      48   -2.883222    13685.0
      49   -0.544906    24445.0
      50   -0.932460    48505.0
      51   -1.621764    83845.0
      52   -2.369071   137620.0
      53   -2.617450   142760.0
      54   -2.418292   155695.0
      55   -2.111262   167650.0
      56   -2.313283   183765.0
      57   -2.341556   192380.0
      58   -2.520934   210235.0
      59   -2.752644   219830.0
      60   -2.735991     6545.0
      61   -0.516234    21870.0
      62   -1.056085    56165.0
      63   -1.607944    83165.0
      64   -2.123347   106675.0
      65   -2.303059   130740.0
      66   -2.202396   144205.0
      67   -1.961795   153980.0
      68   -2.093766   170065.0
      69   -2.199611   177395.0
      70   -2.294373   193555.0
      71   -2.567816   207195.0
      72   -2.430674    11565.0
      73   -0.461722    22950.0
      74   -0.949050    45445.0
      75   -1.372722    66035.0
      76   -1.536866    93210.0
      77   -1.625389    97470.0
      78   -1.516530   105235.0
      79   -1.399101   113860.0
      80   -1.472665   122925.0
      81   -1.633597   130180.0
      82   -1.658127   137895.0
      83   -1.687927   145230.0
      84   -1.679488     6870.0
      85   -0.431946    17755.0
      86   -0.685149    36800.0
      87   -1.134417    58695.0
      88   -1.400399    70095.0
      89   -1.286283    79735.0
      90   -1.195005    86410.0
      91   -1.200682    95215.0
      92   -1.290309   104610.0
      93   -1.435448   111750.0
      94   -1.479215   119515.0
      95   -1.530403   127560.0
      96   -1.523774     6870.0
      97   -0.418507    17225.0
      98   -0.682899    36660.0
      99   -1.188476    56260.0
     100   -1.376701    72350.0
     101   -0.297622    15115.0
     102   -0.763705    32640.0
     103   -1.186484    51390.0
     104   -1.199021    62710.0
     105   -1.074747    74550.0
     106   -1.189276    80065.0
     107   -1.081734    89890.0
     108   -1.214747    97815.0
     109   -1.406300   106085.0
     110   -1.415179   111805.0
     111   -1.361085   115735.0
     112   -1.382563     2840.0
     113   -0.412741    15915.0
     114   -0.677328    32155.0
     115   -0.921578    43305.0
     116   -0.964233    55695.0
     117   -1.136217    66910.0
     118   -0.958497    69620.0
     119   -0.836427    75540.0
     120   -1.081663    82075.0
     121   -1.106312    91580.0
     122   -1.330917   101645.0
     123   -1.353391   106395.0
     124   -1.362564     4460.0
     125   -0.410753    19595.0
     126   -0.807062    42050.0
     127   -1.236177    60805.0
     128   -1.481247    80840.0
     129   -1.557955    93670.0
     130   -1.631872   104115.0
     131   -1.407314   109275.0
     132   -1.349253   115125.0
     133   -1.413316   118905.0
     134   -1.470182   126670.0
     135   -1.461885   131240.0
     136   -1.541073    10590.0
     137   -0.411700    23245.0
     138   -0.850326    42310.0
     139   -1.383918    62140.0
     140   -1.440686    83165.0
     141   -1.684701    98395.0
     142   -1.737116   109745.0
     143   -1.465293   118850.0
     144   -1.452571   122380.0
     145   -1.493993   125700.0
     146   -1.609019   137605.0
     147   -1.634056   140590.0
     148   -1.562519     7200.0
     149   -0.527955    24320.0
     150   -1.024474    51790.0
     151   -1.672385    85350.0
     152   -2.171632   118430.0
     153   -2.691080   147385.0
     154   -2.633628   165070.0
     155   -2.281290   173945.0
     156   -2.084597   182595.0
     157   -2.213720   186940.0
     158   -2.264745   196695.0
     159   -2.275521   203505.0
     160   -1.950788    17460.0
     161   -0.653023    24980.0
     162   -1.014418    59225.0
     163   -1.603727    84580.0
     164   -2.057049   108865.0
     165   -2.237870   126775.0
     166   -2.009167   141440.0
     167   -1.839181   148455.0
     168   -1.914818   159355.0
     169   -2.150583   167695.0
     170   -2.190946   184385.0
     171   -2.518616   196110.0
     172   -1.869464    15040.0
     173   -0.744932    26115.0
     174   -0.835936    45840.0
     175   -1.249090    66315.0
     176   -1.270372    80680.0
     177   -1.516670    88320.0
     178   -1.231847    93075.0
     179   -1.218972   103915.0
     180   -1.480988   117825.0
     181   -1.744160   129045.0
     182   -1.906111   143605.0
     183   -2.056712   151805.0
     184   -1.333915     8180.0
     185   -0.611609    21705.0
     186   -0.702545    35325.0
     187   -0.897458    48330.0
     188   -0.995752    58675.0
     189   -1.066580    65625.0
     190   -0.828724    68920.0
     191   -0.919668    76205.0
     192   -1.069411    82855.0
     193   -1.297599    94065.0
     194   -1.374698   102360.0
     195   -1.323403   108900.0
     196   -0.873872     8360.0
     197   -0.591444    30265.0
     198   -1.074417    48265.0
     199   -1.252707    69575.0
     200   -1.631217    87160.0
     201   -1.654010   100665.0
     202   -1.521314   109000.0
     203   -1.391920   114310.0
     204   -1.435127   120065.0
     205   -1.410335   124735.0
     206   -1.591052   129520.0
     207   -1.489991   137925.0
     208   -1.109753    19365.0
     209   -0.635693    21745.0
     210   -0.733184    35885.0
     211   -0.953057    50480.0
     212   -1.032559    60725.0
     213   -1.043368    69615.0
     214   -1.065453    76260.0
     215   -1.088293    84365.0
     216   -1.154021    90495.0
     217   -1.141280    94415.0
     218   -1.246590   102950.0
     219   -1.289837   108585.0
     220   -0.681970     9920.0
     221   -0.647583    25840.0
     222   -0.855743    44995.0
     223   -1.359620    65975.0
     224   -1.417517    76125.0
     225   -1.254554    86480.0
     226   -1.201200    94460.0
     227   -1.342648   101310.0
     228   -1.377547   109950.0
     229   -1.462347   120290.0
     230   -1.484625   124975.0
     231   -1.553622   133965.0
     232   -0.982021     9930.0
     233   -0.608214    30990.0
     234   -1.200208    49740.0
     235   -1.314580    73075.0
     236   -1.650755    87725.0
     237   -1.554875   101890.0
     238   -1.553795   109245.0
     239   -1.336024   115240.0
     240   -1.478590   120955.0
     241   -1.345592   124715.0
     242   -1.592071   129420.0
     243   -1.492325   137390.0
     244   -0.909234    12930.0
     245   -0.642493    27780.0
     246   -0.954667    44185.0
     247   -1.193236    59595.0
     248   -1.185672    75195.0
     249   -1.328628    83470.0
     250   -1.184273    91075.0
     251   -1.335821   101235.0
     252   -1.415163   112005.0
     253   -1.513984   117255.0
     254   -1.565564   126100.0
     255   -1.500649   132485.0
     256   -0.731266    10095.0
     257   -0.480556    23510.0
     258   -0.766950    41720.0
     259   -1.249137    62500.0
     260   -1.588010    78565.0
     261   -1.310724    84375.0
     262   -1.041465    90270.0
     263   -1.182307    94725.0
     264   -1.224316   110690.0
     265   -1.714561   141020.0
     266   -2.183488   151565.0
     267   -2.345752   173470.0
     268   -1.551045     9795.0
     269   -0.503198    36830.0
     270   -0.743333    42175.0
     271   -1.323767    63385.0
     272   -1.693799    84025.0
     273   -1.510601    91385.0
     274   -1.163635    97975.0
     275   -1.281991   103055.0
     276   -1.372319   126210.0
     277   -1.798802   136800.0
     278   -2.190804   158305.0
     279   -2.429293   178765.0
     280   -1.411005    11735.0
     281   -0.618387    25680.0
     282   -0.851205    40140.0
     283   -0.925408    51420.0
     284   -1.015639    66590.0
     285   -1.045785    66915.0
     286   -0.798557    71205.0
     287   -0.997653    77210.0
     288   -1.040845    85520.0
     289   -1.277564    94200.0
     290   -1.384236   102320.0
     291   -1.289085   108870.0
     292   -0.610418     9950.0
     293   -0.840832    42805.0
     294   -1.368342    66885.0
     295   -1.845894    95065.0
     296   -1.956052   123395.0
     297   -2.667672   150790.0
     298   -2.623293   167715.0
     299   -2.345212   179315.0
     300   -2.312424   199375.0
     301   -2.865455   210745.0
     302   -2.836698   223950.0
     303   -2.754378   233065.0
     304   -0.821667    12315.0
     305   -0.612856    40860.0
     306   -1.226175    49200.0
     307   -1.250474    62710.0
     308   -1.019969    72920.0
     309   -1.128363    78380.0
     310   -1.080375    87845.0
     311   -1.326795    97125.0
     312   -1.528295   113105.0
     313   -1.667314   122830.0
     314   -1.695365   128530.0
     315   -1.577066   137655.0
     316   -0.494769    12915.0
     317   -0.698446    26930.0
     318   -0.874158    52870.0
     319   -1.186486    62545.0
     320   -1.420714    80535.0
     321   -1.344740    83930.0
     322   -1.014323    92245.0
     323   -1.258089    98005.0
     324   -1.371639   109575.0
     325   -1.678970   124630.0
     326   -1.788474   131085.0
     327   -1.677095   140715.0
     328   -0.476658    20480.0
     329   -0.760502    42995.0
     330   -1.488741    71935.0
     331   -1.829241    96300.0
     332   -1.991986   122790.0
     333   -2.392017   139760.0
     334   -2.284405   154925.0
     335   -2.281596   169370.0
     336   -2.321915   184960.0
     337   -2.464069   194200.0
     338   -2.533809   206510.0
     339   -2.571684   217980.0
     340   -0.609811    13260.0
     341   -0.699719    42370.0
     342   -1.433163    68475.0
     343   -1.803809    94260.0
     344   -1.912865   121230.0
     345   -2.346852   137570.0
     346   -2.327417   153075.0
     347   -2.162179   167205.0
     348   -2.326470   183060.0
     349   -2.528488   192350.0
     350   -2.548250   206105.0
     351   -2.567236   216330.0
     352   -0.879328    12805.0
     353   -0.710115    31055.0
     354   -1.044399    47855.0
     355   -1.230670    58900.0
     356   -0.974648    71605.0
     357   -1.171516    76660.0
     358   -1.035972    88050.0
     359   -1.222936    94600.0
     360   -1.378609   103820.0
     361   -1.426858   110380.0
     362   -1.368049   113895.0
     363   -1.368351   120075.0
     364   -0.425441    13315.0
     365   -0.670009    35350.0
     366   -1.108363    53255.0
     367   -1.333434    63445.0
     368   -1.130344    76200.0
     369   -1.242038    82770.0
     370   -1.093727    94435.0
     371   -1.422903   106100.0
     372   -1.583535   117065.0
     373   -1.651264   124360.0
     374   -1.538144   128390.0
     375   -1.577543     2565.0
     376   -0.370689    18795.0
     377   -0.744481    37095.0
     378   -1.057208    54350.0
     379   -1.369950    74570.0
     380   -1.745056    93815.0
     381   -1.629599   106910.0
     382   -1.584122   117905.0
     383   -1.672677   127405.0
     384   -1.733253   137265.0
     385   -1.800363   145985.0
     386   -1.842911   151065.0
     387   -1.718134     4100.0
     388   -0.363299    16590.0
     389   -0.862538    41985.0
     390   -1.360519    58260.0
     391   -1.380123    76855.0
     392   -1.394955    91285.0
     393   -1.672948   101330.0
     394   -1.353856   111060.0
     395   -1.429116   119775.0
     396   -1.653507   126625.0
     397   -1.614660   132990.0
     398   -1.587585   136650.0
     399   -1.454264    10120.0
     400   -0.400467    19700.0
     401   -0.833806    43135.0
     402   -1.093913    51085.0
     403   -1.198035    65795.0
     404   -1.234420    75875.0
     405   -1.187698    83040.0
     406   -1.190663    93720.0
     407   -1.254842   102730.0
     408   -1.560472   111340.0
     409   -1.479547   118380.0
     410   -1.442514   122725.0
     411   -1.239780    11050.0
     412   -0.473406    17965.0
     413   -0.662592    39310.0
     414   -1.009233    51450.0
     415   -1.391229    77165.0
     416   -1.779759    94105.0
     417   -1.579189   100020.0
     418   -1.277130   110790.0
     419   -1.501403   117585.0
     420   -1.564707   128060.0
     421   -1.741493   143855.0
     422   -2.006503   150955.0
     423   -1.595540     6660.0
     424   -0.395769    14610.0
     425   -0.734870    49390.0
     426   -1.577366    79570.0
     427   -2.247028   108740.0
     428   -2.253406   126325.0
     429   -1.989554   135215.0
     430   -1.828543   146135.0
     431   -1.663111   150615.0
     432   -2.282441   189295.0
     433   -3.080205   227270.0
     434   -3.665535   254715.0
     435   -3.799269     9610.0
     436   -0.490252    21550.0
     437   -0.952125    56685.0
     438   -1.971823    81835.0
     439   -1.867950    99935.0
     440   -1.905630   118820.0
     441   -1.761804   131845.0
     442   -1.880359   145185.0
     443   -1.945425   159605.0
     444   -2.422503   173000.0
     445   -2.237858   182765.0
     446   -2.058325   185570.0
     447   -1.407406     7485.0
     448   -0.663484    25940.0
     449   -0.885755    48115.0
     450   -1.277271    64015.0
     451   -1.343313    82210.0
     452   -1.842720    96975.0
     453   -1.302901   101525.0
     454   -1.246566   110165.0
     455   -1.445651   115835.0
     456   -1.631865   131530.0
     457   -1.968465   144325.0
     458   -1.906939   153330.0
     459   -1.385488     8070.0
     460   -0.606804    23555.0
     461   -0.869965    52635.0
     462   -1.725106    81415.0
     463   -2.059759   111250.0
     464   -2.348436   129740.0
     465   -2.020554   141515.0
     466   -1.930917   151535.0
     467   -1.997877   166075.0
     468   -2.247873   174155.0
     469   -2.173160   185720.0
     470   -2.392814   201290.0
     471   -1.642247     8555.0
     472   -0.622182    28105.0
     473   -0.917939    44855.0
     474   -1.420642    82595.0
     475   -1.859953   104390.0
     476   -2.280075   120595.0
     477   -1.951429   133795.0
     478   -1.802873   142405.0
     479   -1.954078   158070.0
     480   -2.141387   165465.0
     481   -2.040931   174850.0
     482   -2.189384   186200.0
     483   -1.363950    10795.0
     484   -0.736049    32710.0
     485   -1.103875    64205.0
     486   -1.849602    89585.0
     487   -2.017590   116890.0
     488   -2.360477   133600.0
     489   -1.979760   145555.0
     490   -2.092868   167805.0
     491   -2.512224   184710.0
     492   -2.619611   194810.0
     493   -2.610233   209910.0
     494   -2.416363   213330.0
     495   -1.253823     8565.0
     496   -0.518491    23065.0
     497   -0.898118    42725.0
     498   -1.445391    75055.0
     499   -1.911505    99620.0
     500   -2.042767   112885.0