 episode  sum_reward  tardiness
       1   -0.206118    11995.0
       2   -0.426870    14805.0
       3   -0.466540    22300.0
       4   -0.332158    25095.0
       5   -0.472247    33330.0
       6   -0.643042    40295.0
       7   -0.744339    57350.0
       8   -1.165705    74775.0
       9   -1.471109    93480.0
      10   -1.783217   116840.0
      11   -1.914285   128525.0
      12   -1.219630     4315.0
      13   -0.223547     8115.0
      14   -0.296540    15425.0
      15   -0.443116    23505.0
      16   -0.494613    27275.0
      17   -0.549391    35460.0
      18   -0.641483    43730.0
      19   -0.823104    53390.0
      20   -0.824292    55335.0
      21   -0.709372    59945.0
      22   -0.840024    74885.0
      23   -1.440087     4025.0
      24   -0.256714     7450.0
      25   -0.175219     9565.0
      26   -0.225998    20200.0
      27   -0.580858    35005.0
      28   -0.974267    65370.0
      29   -1.686345    93975.0
      30   -1.996281   122660.0
      31   -2.395104   152750.0
      32   -2.747703   190785.0
      33   -2.936825   211225.0
      34   -4.738627     1395.0
      35   -0.178856    10185.0
      36   -0.418590    29190.0
      37   -0.908760    67480.0
      38   -1.674118    95570.0
      39   -2.137608   113315.0
      40   -2.481069   132785.0
      41   -2.212911   147815.0
      42   -2.247818   166840.0
      43   -2.393571   181605.0
      44   -2.529663   188605.0
      45   -2.289148   195030.0
      46   -0.823141     7370.0
      47   -0.200797    10880.0
      48   -0.247851    13195.0
      49   -0.261977    16280.0
      50   -0.319050    19985.0
      51   -0.316894    22380.0
      52   -0.313391    24305.0
      53   -0.300219    25430.0
      54   -0.345120    27500.0
      55   -0.369339    31410.0
      56   -0.463413    33675.0
      57   -0.394696    34340.0
      58   -0.442464    37425.0
      59   -0.501906    39630.0
      60   -0.556592    42900.0
      61   -0.522568    45115.0
      62   -0.548696    46705.0
      63   -0.593257    49770.0
      64   -0.571130    11650.0
      65   -0.346717    15385.0
      66   -0.256394    17200.0
      67   -0.274736    20935.0
      68   -0.346934    22690.0
      69   -0.302911    25575.0
      70   -0.393795    27810.0
      71   -0.403384    30695.0
      72   -0.394429    32270.0
      73   -0.439908    35175.0
      74   -0.447903    37250.0
      75   -0.476286    39075.0
      76   -0.505057    42160.0
      77   -0.618186    46220.0
      78   -0.602075    48870.0
      79   -0.642222    52600.0
      80   -0.626573    54445.0
      81   -0.678115    57130.0
      82   -0.422819     5665.0
      83   -0.121498     7115.0
      84   -0.187505     9730.0
      85   -0.234802    12940.0
      86   -0.197224    14775.0
      87   -0.237590    17635.0
      88   -0.301500    19690.0
      89   -0.251630    21080.0
      90   -0.412925    25785.0
      91   -0.346635    28045.0
      92   -0.501795    32545.0
      93   -0.434622    35200.0
      94   -0.419696    36385.0
      95   -0.414953    37510.0
      96   -0.486785    40490.0
      97   -0.501361    41555.0
      98   -0.463526    42800.0
      99   -0.567510    45890.0
     100   -0.417056     6475.0
     101   -0.211502     8190.0
     102   -0.148151     9945.0
     103   -0.180830    11380.0
     104   -0.183885    14615.0
     105   -0.265071    16425.0
     106   -0.227365    18315.0
     107   -0.299415    20705.0
     108   -0.292302    22295.0
     109   -0.338418    24900.0
     110   -0.366641    27570.0
     111   -0.348649    29815.0
     112   -0.383622    31335.0
     113   -0.412967    33185.0
     114   -0.434578    36175.0
     115   -0.432521    37545.0
     116   -0.522974    40350.0
     117   -0.536378    42865.0
     118   -0.299497     6990.0
     119   -0.449097    13860.0
     120   -0.394003    20780.0
     121   -0.465578    27040.0
     122   -0.609764    42330.0
     123   -1.056278    47055.0
     124   -0.605373    53485.0
     125   -0.778401    57915.0
     126   -0.739905    61350.0
     127   -0.949778    72080.0
     128   -1.002229    81785.0
     129   -0.636267     9175.0
     130   -0.351519    12440.0
     131   -0.263911    17595.0
     132   -0.417023    21880.0
     133   -0.350082    24595.0
     134   -0.417863    33485.0
     135   -0.649597    40345.0
     136   -0.751337    46530.0
     137   -0.784707    53315.0
     138   -0.744964    60035.0
     139   -1.217424     4465.0
     140   -0.331884    15610.0
     141   -0.589837    19805.0
     142   -0.378873    27550.0
     143   -0.489198    36690.0
     144   -0.708418    39075.0
     145   -0.563938    45110.0
     146   -0.670519    47845.0
     147   -0.665066    52545.0
     148   -0.755899    57700.0
     149   -0.881330    66485.0
     150   -0.649774     5120.0
     151   -0.343830    12960.0
     152   -0.374710    19490.0
     153   -0.489615    25635.0
     154   -0.445099    31275.0
     155   -0.722792    46780.0
     156   -0.870759    48295.0
     157   -0.599998    54755.0
     158   -0.688106    53810.0
     159   -0.778609    60910.0
     160   -0.899665    77705.0
     161   -0.931248    14260.0
     162   -0.505241    22220.0
     163   -0.682502    32540.0
     164   -0.693736    46665.0
     165   -0.688734    45835.0
     166   -0.709113    53545.0
     167   -0.925247    63980.0
     168   -1.115108    73015.0
     169   -1.015444    78480.0
     170   -1.020253    83125.0
     171   -1.040672    90285.0
     172   -1.443340   102315.0
     173   -1.357870   113035.0
     174   -1.451481   115950.0
     175   -0.871686    11720.0
     176   -0.530891    16825.0
     177   -0.493708    23385.0
     178   -0.427490    34455.0
     179   -0.768295    38375.0
     180   -0.534021    42775.0
     181   -0.698651    48510.0
     182   -0.641688    51570.0
     183   -0.656366    58580.0
     184   -0.930611    63085.0
     185   -0.931059    70565.0
     186   -1.208917    84515.0
     187   -1.194698    88960.0
     188   -1.042851    96385.0
     189   -1.100590     7185.0
     190   -0.568003    24065.0
     191   -0.978351    35235.0
     192   -0.756210    44475.0
     193   -0.698064    50085.0
     194   -0.819207    59285.0
     195   -1.011766    66710.0
     196   -0.855611    72010.0
     197   -0.933606    75830.0
     198   -1.037042    82515.0
     199   -1.178052    91065.0
     200   -1.577521   108415.0
     201   -1.555151   118500.0
     202   -1.589068   124925.0
     203   -1.564993     3660.0
     204   -0.318628    13795.0
     205   -0.553698    23665.0
     206   -0.718674    30830.0
     207   -0.417526    35615.0
     208   -0.709833    49075.0
     209   -1.173679    64790.0
     210   -1.252976    72310.0
     211   -0.883747    75250.0
     212   -1.007793    84565.0
     213   -1.115885    89290.0
     214   -1.062717    90835.0
     215   -1.150236   102120.0
     216   -1.544269   113635.0
     217   -1.423351   114740.0
     218   -0.286229     5490.0
     219   -0.169090     8770.0
     220   -0.307583    12890.0
     221   -0.189877    14800.0
     222   -0.281637    17900.0
     223   -0.240885    18775.0
     224   -0.317885    21690.0
     225   -0.293477    23915.0
     226   -0.365634    26750.0
     227   -0.329252    27450.0
     228   -0.342063    29520.0
     229   -0.457882    35070.0
     230   -0.530884    36720.0
     231   -0.525007    40635.0
     232   -0.481620    42980.0
     233   -0.637101    47605.0
     234   -0.617469    50410.0
     235   -0.507681     5630.0
     236   -0.233009     8630.0
     237   -0.238995    13435.0
     238   -0.251465    15030.0
     239   -0.240530    17250.0
     240   -0.270594    20010.0
     241   -0.346840    23610.0
     242   -0.353342    25530.0
     243   -0.438089    30425.0
     244   -0.439406    32190.0
     245   -0.408446    34850.0
     246   -0.501245    38185.0
     247   -0.460781    44000.0
     248   -0.781724    49255.0
     249   -0.660665    51005.0
     250   -0.612731    55720.0
     251   -0.725682    56905.0
     252   -0.639507    58055.0
     253   -0.238392     6065.0
     254   -0.264273    11795.0
     255   -0.225333    13730.0
     256   -0.264517    16090.0
     257   -0.289936    20920.0
     258   -0.372339    26715.0
     259   -0.603398    34340.0
     260   -0.531748    36430.0
     261   -0.507698    39375.0
     262   -0.491385    41265.0
     263   -0.641608    46540.0
     264   -0.557167    48690.0
     265   -0.606556    50720.0
     266   -0.641427    54210.0
     267   -0.690556    56810.0
     268   -0.720262    59375.0
     269   -0.668875    60640.0
     270   -0.507851     5040.0
     271   -0.183330     8120.0
     272   -0.186974    10975.0
     273   -0.252667    13260.0
     274   -0.248359    16760.0
     275   -0.254512    19735.0
     276   -0.361965    22945.0
     277   -0.340219    25535.0
     278   -0.382769    27615.0
     279   -0.311939    28010.0
     280   -0.368701    30745.0
     281   -0.428780    33390.0
     282   -0.442944    37165.0
     283   -0.539602    39655.0
     284   -0.510207    42490.0
     285   -0.547319    44005.0
     286   -0.588457    48610.0
     287   -0.631670     8795.0
     288   -0.693066    16710.0
     289   -0.243616    18880.0
     290   -0.272045    20745.0
     291   -0.314969    22655.0
     292   -0.302851    24610.0
     293   -0.383224    27315.0
     294   -0.331208    28790.0
     295   -0.390497    30995.0
     296   -0.434052    34375.0
     297   -0.522880    38250.0
     298   -0.542896    41395.0
     299   -0.478583    43575.0
     300   -0.613233    47425.0
     301   -0.578092    48905.0
     302   -0.664759    52385.0
     303   -0.626325    55520.0
     304   -0.636931    56010.0
     305   -0.640573    57725.0
     306   -0.705561    59975.0
     307   -0.706455    62805.0
     308   -0.786401    65555.0
     309   -0.843321    69410.0
     310   -0.799648    71630.0
     311   -0.882424    74420.0
     312   -0.873238     8635.0
     313   -0.274849    12235.0
     314   -0.289441    16135.0
     315   -0.260326    17835.0
     316   -0.243785    19035.0
     317   -0.289918    22640.0
     318   -0.345641    24130.0
     319   -0.332632    26635.0
     320   -0.386882    28805.0
     321   -0.378033    31045.0
     322   -0.412212    33285.0
     323   -0.512533    38110.0
     324   -0.476740    40475.0
     325   -0.548653    43420.0
     326   -0.568911    45675.0
     327   -0.576786    48450.0
     328   -0.569115    49835.0
     329   -0.597965    53145.0
     330   -0.721012    56665.0
     331   -0.697903    58725.0
     332   -0.727993    61590.0
     333   -0.735503    63925.0
     334   -0.768163    66535.0
     335   -0.815161    69230.0
     336   -0.796488    71385.0
     337   -0.782042    10830.0
     338   -0.281333    13175.0
     339   -0.237957    15880.0
     340   -0.299446    19250.0
     341   -0.377438    23170.0
     342   -0.415514    27400.0
     343   -0.389724    30630.0
     344   -0.431743    32555.0
     345   -0.417080    35855.0
     346   -0.507845    38760.0
     347   -0.544601    42120.0
     348   -0.581443    45585.0
     349   -0.589161    48265.0
     350   -0.657464    52295.0
     351   -0.652604    55030.0
     352   -0.735486    60405.0
     353   -0.695344    60760.0
     354   -0.762573    63980.0
     355   -0.721984    65075.0
     356   -0.769464    67330.0
     357   -0.815108    70470.0
     358   -0.827908    72485.0
     359   -0.887120    76415.0
     360   -0.898686    79390.0
     361   -0.969234    81955.0
     362   -0.716601    11320.0
     363   -0.233050    13610.0
     364   -0.264898    17335.0
     365   -0.314153    20330.0
     366   -0.335118    22440.0
     367   -0.344097    25830.0
     368   -0.423990    30500.0
     369   -0.494762    33865.0
     370   -0.457939    36055.0
     371   -0.483663    39175.0
     372   -0.551210    43235.0
     373   -0.571898    45715.0
     374   -0.556415    47720.0
     375   -0.659835    52425.0
     376   -0.717840    56140.0
     377   -0.630271    57225.0
     378   -0.701436    59995.0
     379   -0.742913    62910.0
     380   -0.752483    65755.0
     381   -0.803391    68025.0
     382   -0.820358    71385.0
     383   -0.848318    74010.0
     384   -0.860960    77155.0
     385   -0.936306    79875.0
     386   -0.920111    82900.0
     387   -0.466880     6210.0
     388   -0.094833     6970.0
     389   -0.106901     7840.0
     390   -0.112700     8595.0
     391   -0.096594     8775.0
     392   -0.125660     9645.0
     393   -0.128700    10360.0
     394   -0.129729    10900.0
     395   -0.127620    11260.0
     396   -0.131370    11620.0
     397   -0.134497    11955.0
     398   -0.139031    12315.0
     399   -0.151135    12875.0
     400   -0.147677    13235.0
     401   -0.169701    13995.0
     402   -0.164627    14465.0
     403   -0.174974    15050.0
     404   -0.184941    15745.0
     405   -0.184547    16260.0
     406   -0.196604    16950.0
     407   -0.193000    17355.0
     408   -0.211481    18160.0
     409   -0.217366    18900.0
     410   -0.220873    19525.0
     411   -0.223095    20015.0
     412   -0.238865    20795.0
     413   -0.292498     6640.0
     414   -0.083151     6955.0
     415   -0.088135     7405.0
     416   -0.103825     8030.0
     417   -0.112458     8745.0
     418   -0.117116     9390.0
     419   -0.144734    10705.0
     420   -0.142276    11355.0
     421   -0.153727    12270.0
     422   -0.137219    12540.0
     423   -0.164205    13345.0
     424   -0.171181    14125.0
     425   -0.169715    14685.0
     426   -0.178332    15310.0
     427   -0.177604    15805.0
     428   -0.183252    16230.0
     429   -0.203429    17075.0
     430   -0.187382    17365.0
     431   -0.196932    17770.0
     432   -0.204260    18220.0
     433   -0.211554    18780.0
     434   -0.224818    19560.0
     435   -0.230127    20185.0
     436   -0.226120    20590.0
     437   -0.247748    21415.0
     438   -0.362267     6060.0
     439   -0.174620     7075.0
     440   -0.092245     7570.0
     441   -0.100547     8130.0
     442   -0.114962     8825.0
     443   -0.109411     9275.0
     444   -0.111349     9635.0
     445   -0.103755     9725.0
     446   -0.116424    10150.0
     447   -0.131755    10755.0
     448   -0.124865    11090.0
     449   -0.136391    11605.0
     450   -0.132144    11895.0
     451   -0.139675    12320.0
     452   -0.150488    12880.0
     453   -0.163628    13595.0
     454   -0.165684    14175.0
     455   -0.170764    14780.0
     456   -0.171700    15385.0
     457   -0.191465    16035.0
     458   -0.196457    16750.0
     459   -0.213887    17760.0
     460   -0.214432    18495.0
     461   -0.215918    19075.0
     462   -0.226318    19765.0
     463   -0.226092    20280.0
     464   -0.373373     5955.0
     465   -0.086536     6555.0
     466   -0.093408     7200.0
     467   -0.101099     7915.0
     468   -0.115186     8720.0
     469   -0.126863     9590.0
     470   -0.122311    10195.0
     471   -0.129189    10890.0
     472   -0.135736    11315.0
     473   -0.157193    12320.0
     474   -0.153594    13015.0
     475   -0.157799    13530.0
     476   -0.151719    13800.0
     477   -0.166382    14405.0
     478   -0.169661    14855.0
     479   -0.181976    15525.0
     480   -0.178512    15955.0
     481   -0.178776    16270.0
     482   -0.187026    16695.0
     483   -0.190878    17165.0
     484   -0.201505    17705.0
     485   -0.225155    18730.0
     486   -0.211667    19135.0
     487   -0.232064    19940.0
     488   -0.242240    20855.0
     489   -0.250377    21635.0
     490   -0.235823     7640.0
     491   -0.364311     9805.0
     492   -0.122773    10955.0
     493   -0.210260    13405.0
     494   -0.278304    16200.0
     495   -0.244057    18745.0
     496   -0.275804    20160.0
     497   -0.310469    22560.0
     498   -0.314590    24900.0
     499   -0.365260    27870.0
     500   -0.403753    30010.0
     501   -0.378778    32240.0
     502   -0.399767    33360.0
     503   -0.437172    36350.0
     504   -0.448764    37340.0
     505   -0.473498    40795.0
     506   -0.558601    43255.0
     507   -0.513120    46880.0
     508   -0.597144     8625.0
     509   -0.453665    11700.0
     510   -0.220536    14280.0
     511   -0.215222    15625.0
     512   -0.216358    17110.0
     513   -0.256974    18655.0
     514   -0.271465    20435.0
     515   -0.290991    23045.0
     516   -0.312089    24235.0
     517   -0.361741    27300.0
     518   -0.396720    30155.0
     519   -0.448212    33770.0
     520   -0.442693    35975.0
     521   -0.490813    38425.0
     522   -0.480057    40045.0
     523   -0.536323    43315.0
     524   -0.652665    47965.0
     525   -0.620689    51805.0
     526   -0.547946     5070.0
     527   -0.346408     8710.0
     528   -0.150108    10865.0
     529   -0.237094    13775.0
     530   -0.275703    17215.0
     531   -0.275097    19210.0
     532   -0.292927    21610.0
     533   -0.266339    22540.0
     534   -0.423687    27500.0
     535   -0.405476     9940.0
     536   -0.203175    13140.0
     537   -0.254642    15485.0
     538   -0.243523    17850.0
     539   -0.299766    20535.0
     540   -0.319585    24090.0
     541   -0.335741    25325.0
     542   -0.336903    27485.0
     543   -0.371861    30045.0
     544   -0.449163    32620.0
     545   -0.459269    36055.0
     546   -0.500675    39340.0
     547   -0.540325    42100.0
     548   -0.533309    45085.0
     549   -0.631337    48405.0
     550   -0.552846    49560.0
     551   -0.641887    52875.0
     552   -0.669708    55515.0
     553   -0.418267    11170.0
     554   -0.267905    14075.0
     555   -0.274717    18060.0
     556   -0.356415    21035.0
     557   -0.313755    24790.0
     558   -0.450012    29235.0
     559   -0.429719    30865.0
     560   -0.402948    34155.0
     561   -0.579076    39090.0
     562   -0.455955    39655.0
     563   -0.486349    42145.0
     564   -0.485648    43460.0
     565   -0.532248    45085.0
     566   -0.388950     9655.0
     567   -0.452911    14990.0
     568   -0.273554    16535.0
     569   -0.270224    19515.0
     570   -0.343597    22220.0
     571   -0.293396    24685.0
     572   -0.380786    27985.0
     573   -0.395177    29995.0
     574   -0.454439    33705.0
     575   -0.507500    38555.0
     576   -0.681734    43960.0
     577   -0.607646    47555.0
     578   -0.521422    48585.0
     579   -0.521477     9225.0
     580   -0.593941    20300.0
     581   -0.734368    27120.0
     582   -0.370868    29170.0
     583   -0.351153    30405.0
     584   -0.431377    33855.0
     585   -0.449587    35685.0
     586   -0.398092    36035.0
     587   -0.453189    38660.0
     588   -0.600498    43015.0
     589   -0.483533    44080.0
     590   -0.590852    47070.0
     591   -0.655135    51195.0
     592   -0.684339    55505.0
     593   -0.465911    23610.0
     594   -0.901585    26570.0
     595   -0.322016    27610.0
     596   -0.351363    29185.0
     597   -0.383707    31985.0
     598   -0.401776    34025.0
     599   -0.500201    36875.0
     600   -0.487040    39455.0
     601   -0.457984    40340.0
     602   -0.469014    41800.0
     603   -0.523170    44375.0
     604   -0.629880    49665.0
     605   -0.724498    55960.0
     606   -0.891788    10730.0
     607   -0.126632    11150.0
     608   -0.138632    11640.0
     609   -0.132444    11910.0
     610   -0.155149    12700.0
     611   -0.157323    13330.0
     612   -0.161990    13910.0
     613   -0.158125    14240.0
     614   -0.158333    14500.0
     615   -0.176865    15170.0
     616   -0.185997    15950.0
     617   -0.197611    16680.0
     618   -0.197833    17270.0
     619   -0.212358    18090.0
     620   -0.217816    18800.0
     621   -0.234323    19760.0
     622   -0.224264    20230.0
     623   -0.245684    21110.0
     624   -0.248163    21880.0
     625   -0.246566    22270.0
     626   -0.257014    22890.0
     627   -0.254986    23320.0
     628   -0.278507    24220.0
     629   -0.274243    24770.0
     630   -0.280472    25330.0
     631   -0.610424    13550.0
     632   -0.164653    14170.0
     633   -0.169587    14730.0
     634   -0.173764    15250.0
     635   -0.182521    15870.0
     636   -0.188191    16450.0
     637   -0.190684    16950.0
     638   -0.204212    17650.0
     639   -0.208517    18240.0
     640   -0.233021    19380.0
     641   -0.221615    19820.0
     642   -0.234684    20530.0
     643   -0.237247    21110.0
     644   -0.242653    21690.0
     645   -0.256903    22470.0
     646   -0.251646    22930.0
     647   -0.262090    23530.0
     648   -0.267378    24100.0
     649   -0.266483    24500.0
     650   -0.272222    24920.0
     651   -0.288288    25620.0
     652   -0.288059    26230.0
     653   -0.286420    26570.0
     654   -0.308622    27290.0
     655   -0.344163     8470.0
     656   -0.451052    11820.0
     657   -0.150632    12510.0
     658   -0.165694    13400.0
     659   -0.162958    14010.0
     660   -0.165406    14500.0
     661   -0.168302    15010.0
     662   -0.181747    15580.0
     663   -0.194760    16400.0
     664   -0.197288    17050.0
     665   -0.203108    17770.0
     666   -0.208177    18280.0
     667   -0.217281    18940.0
     668   -0.232271    19890.0
     669   -0.237208    20560.0
     670   -0.239260    21180.0
     671   -0.234594    21520.0
     672   -0.252809    22210.0
     673   -0.265618    23130.0
     674   -0.275830    24030.0
     675   -0.282951    24780.0
     676   -0.282830    25410.0
     677   -0.295083    26150.0
     678   -0.295726    26750.0
     679   -0.299101    27270.0
     680   -0.513021     9910.0
     681   -0.226122    11430.0
     682   -0.145094    12110.0
     683   -0.142976    12540.0
     684   -0.154868    13150.0
     685   -0.157597    13680.0
     686   -0.168830    14350.0
     687   -0.161507    14650.0
     688   -0.166330    15010.0
     689   -0.183292    15670.0
     690   -0.190899    16390.0
     691   -0.184799    16720.0
     692   -0.196694    17300.0
     693   -0.189587    17550.0
     694   -0.195330    17850.0
     695   -0.212135    18520.0
     696   -0.234076    19540.0
     697   -0.228139    20180.0
     698   -0.239295    20890.0
     699   -0.238163    21430.0
     700   -0.244340    22060.0
     701   -0.265403    22920.0
     702   -0.267997    23660.0
     703   -0.281170    24520.0
     704   -0.291285    25430.0
     705   -0.255976     7160.0
     706   -0.336191    10875.0
     707   -0.225288    13785.0
     708   -0.276325    17450.0
     709   -0.333009    20120.0
     710   -0.308825    23350.0
     711   -0.383427    26420.0
     712   -0.405005    29860.0
     713   -0.405323    32290.0
     714   -0.558085    38240.0
     715   -0.575236    41785.0
     716   -0.530694    44645.0
     717   -0.591054    48855.0
     718   -0.417497     7175.0
     719   -0.278319    11585.0
     720   -0.289262    15395.0
     721   -0.317104    19445.0
     722   -0.369318    23770.0
     723   -0.362707    26065.0
     724   -0.387562    30915.0
     725   -0.481399    33375.0
     726   -0.456691    36405.0
     727   -0.521160    39475.0
     728   -0.504036    41825.0
     729   -0.532844    45335.0
     730   -0.575910    46560.0
     731   -0.402800    16070.0
     732   -0.499457    18825.0
     733   -0.374175    22370.0
     734   -0.369535    25730.0
     735   -0.371672    28635.0
     736   -0.515052    33960.0
     737   -0.474038    36940.0
     738   -0.544828    40905.0
     739   -0.563203    44245.0
     740   -0.602372    47890.0
     741   -0.660483    51855.0
     742   -0.632734    54445.0
     743   -0.583668     3375.0
     744   -0.387165    14930.0
     745   -0.528085    19745.0
     746   -0.263486    21530.0
     747   -0.427717    27195.0
     748   -0.451925    30705.0
     749   -0.422370    33555.0
     750   -0.502948    37480.0
     751   -0.487082    39480.0
     752   -0.541056    42925.0
     753   -0.576271    46695.0
     754   -0.611061    48900.0
     755   -0.754075    54775.0
     756   -0.552196    15470.0
     757   -1.001563    72665.0
     758   -2.804085   215540.0
     759   -3.516097   339365.0
     760   -6.059663   458535.0
     761   -8.655012   656470.0
     762  -12.509542   934355.0
     763  -44.989551     4070.0
     764   -0.672748    49575.0
     765   -2.020130   112685.0
     766   -2.797510   215155.0
     767   -5.474089   353005.0
     768   -7.626309   568335.0
     769   -9.839809   783890.0
     770  -12.291139   945950.0
     771  -26.004140    38025.0
     772   -1.634411   127875.0
     773   -3.151729   274345.0
     774   -5.513597   422645.0
     775   -7.621984   626435.0
     776  -11.133349   879850.0
     777  -14.580675  1119830.0
     778  -38.597454    16045.0
     779   -1.061661    81025.0
     780   -2.510655   200875.0
     781   -4.360767   360965.0
     782   -7.656764   478620.0
     783   -9.511033   662125.0
     784  -10.104582   825210.0
     785  -29.053894     1785.0
     786   -0.246267     9030.0
     787   -0.363175    16230.0
     788   -0.480655    21755.0
     789   -0.363557    25370.0
     790   -0.438547    30205.0
     791   -0.555063    35495.0
     792   -0.452630    37505.0
     793   -0.580059    43590.0
     794   -0.730892    50390.0
     795   -0.834366    58835.0
     796   -0.843741    63340.0
     797   -0.837776    67355.0
     798   -0.268153     4490.0
     799   -0.253106    13330.0
     800   -0.581241    22405.0
     801   -0.413019    24700.0
     802   -0.395186    22875.0
     803   -0.983035    33260.0
     804   -0.904297    49310.0
     805   -1.016575    57440.0
     806   -0.868076    63285.0
     807   -0.816340    66175.0
     808   -0.912403    77360.0
     809   -1.340151    87335.0
     810   -1.184854    92965.0
     811   -1.212932    97515.0
     812   -1.373859   115290.0
     813   -1.927469   128055.0
     814   -0.846043     9525.0
     815   -0.383802    14675.0
     816   -0.289288    16545.0
     817   -0.389615    23595.0
     818   -0.531484    28790.0
     819   -0.448950    35205.0
     820   -0.602304    38920.0
     821   -0.609969    43570.0
     822   -0.587262    47715.0
     823   -0.782786    54540.0
     824   -0.727993    60010.0
     825   -0.817014    63125.0
     826   -0.509946     7705.0
     827   -0.452785    12955.0
     828   -0.288087    15810.0
     829   -0.225460    16415.0
     830   -0.284181    22085.0
     831   -0.484047    29325.0
     832   -0.534215    32040.0
     833   -0.438823    33615.0
     834   -0.445944    39855.0
     835   -0.608731    47555.0
     836   -1.067269    76070.0
     837   -1.702722     5600.0
     838   -0.382625    15720.0
     839   -0.346917    15285.0
     840   -0.336944    21450.0
     841   -0.489280    27355.0
     842   -0.515370    31695.0
     843   -0.545236    40275.0
     844   -0.645644    44470.0
     845   -0.960512    58115.0
     846   -0.859222    61215.0
     847   -0.732887    62795.0
     848   -0.682010     3510.0
     849   -0.311910    10605.0
     850   -0.312976    14835.0
     851   -0.294045    16240.0
     852   -0.187764    17255.0
     853   -0.253064    19060.0
     854   -0.303632    22160.0
     855   -0.366528    25030.0
     856   -0.412655    36770.0
     857   -0.800951    52105.0
     858   -1.144502    56860.0
     859   -0.805481    67150.0
     860   -0.632076     9250.0
     861   -0.444212    27840.0
     862   -0.866785    33450.0
     863   -0.638451    37835.0
     864   -0.420655    39945.0
     865   -0.677958    45240.0
     866   -0.602420    46870.0
     867   -0.522960    47800.0
     868   -0.522377    49505.0
     869   -0.653604    57640.0
     870   -1.025033    65800.0
     871   -0.607457    44845.0
     872   -1.794347   174450.0
     873   -4.180950   386290.0
     874   -6.175111   624365.0
     875  -10.341130   971210.0
     876  -42.456548    23190.0
     877   -1.230453   134470.0
     878   -4.046443   416055.0
     879   -6.109125   457885.0
     880   -8.781609   694745.0
     881  -37.315681     6540.0
     882   -0.662526    77710.0
     883   -2.627135   298810.0
     884   -5.327750   471695.0
     885   -8.268816   677655.0
     886   -8.824839   823175.0
     887  -24.189747    43635.0
     888   -1.448401   162950.0
     889   -3.338688   369890.0
     890   -6.034582   638555.0
     891  -11.976043  1086365.0
     892  -45.760510     7350.0
     893   -0.325878    10445.0
     894   -0.205094    13170.0
     895   -0.329385    18315.0
     896   -0.380462    22260.0
     897   -0.404075    26500.0
     898   -0.382069    27895.0
     899   -0.379639    32045.0
     900   -0.504295    36025.0
     901   -0.593793    41325.0
     902   -0.591910    44655.0
     903   -0.576790    49640.0
     904   -0.673286    52380.0
     905   -0.726510    55435.0
     906   -0.734569    60840.0
     907   -0.759667    62520.0
     908   -0.722602    65865.0
     909   -0.325700     5340.0
     910   -0.209948     7885.0
     911   -0.210597    11090.0
     912   -0.192304    13675.0
     913   -0.264894    16855.0
     914   -0.316656    20470.0
     915   -0.410665    24545.0
     916   -0.375253    26870.0
     917   -0.346422    28700.0
     918   -0.429135    32190.0
     919   -0.442411    36330.0
     920   -0.647677    42075.0
     921   -0.592545    46400.0
     922   -0.636446    48545.0
     923   -0.648510    53395.0
     924   -0.761266    57685.0
     925   -0.698939     3580.0
     926   -0.236866     7430.0
     927   -0.217179    10525.0
     928   -0.178773    11660.0
     929   -0.220066    15460.0
     930   -0.274703    17735.0
     931   -0.298613    19880.0
     932   -0.266918    22750.0
     933   -0.346809    24245.0
     934   -0.381517    29920.0
     935   -0.447806    32355.0
     936   -0.524123    37190.0
     937   -0.516708    41445.0
     938   -0.558135    44700.0
     939   -0.679208    51130.0
     940   -0.752215    53215.0
     941   -0.625141    55645.0
     942   -0.529839     4215.0
     943   -0.257766    11745.0
     944   -0.354101    16505.0
     945   -0.322903    20155.0
     946   -0.445877    24480.0
     947   -0.324311    25615.0
     948   -0.384911    30920.0
     949   -0.505691    34630.0
     950   -0.643925    40475.0
     951   -0.558441    43800.0
     952   -0.516910    45325.0
     953   -0.580983    50200.0
     954   -0.775182    54345.0
     955   -0.709675    57265.0
     956   -0.648693    59255.0
     957   -0.730038    64805.0
     958   -0.874457    67825.0
     959   -0.481217     5215.0
     960   -0.254634    10495.0
     961   -0.334740    17465.0
     962   -0.515661    25105.0
     963   -0.562932    38785.0
     964   -1.095207    53905.0
     965   -1.003243    62020.0
     966   -0.875092    68750.0
     967   -0.987776    73060.0
     968   -0.925917    76870.0
     969   -0.974052    81485.0
     970   -0.959717    83895.0
     971   -0.963752    86835.0
     972   -1.036667    90375.0
     973   -0.772608     5680.0
     974   -0.209878     8190.0
     975   -0.218172    10520.0
     976   -0.244582    14475.0
     977   -0.240469    17145.0
     978   -0.334069    20885.0
     979   -0.407406    26390.0
     980   -0.385566    27715.0
     981   -0.421377    31115.0
     982   -0.466717    34675.0
     983   -0.416924    37135.0
     984   -0.532972    39705.0
     985   -0.630488    46815.0
     986   -0.736878    52600.0
     987   -0.834325     3335.0
     988   -0.464715    16040.0
     989   -0.517747    22060.0
     990   -0.399122    25755.0
     991   -0.419747    28540.0
     992   -0.474394    34590.0
     993   -0.477953    39020.0
     994   -0.607965    42365.0
     995   -0.590934    45085.0
     996   -0.542714    47800.0
     997   -0.671464    51480.0
     998   -0.705483    56680.0
     999   -0.773863    60630.0
    1000   -0.764220    64610.0
    1001   -0.833516    68300.0
    1002   -0.516674     8015.0
    1003   -0.280108    10405.0
    1004   -0.268780    14780.0
    1005   -0.281573    18245.0
    1006   -0.364094    21915.0
    1007   -0.329253    24765.0
    1008   -0.416667    29165.0
    1009   -0.432024    32755.0
    1010   -0.512297    36185.0
    1011   -0.479898    38320.0
    1012   -0.491208    42130.0
    1013   -0.606545    45500.0
    1014   -0.639861    52690.0
    1015   -0.714385    54350.0
    1016   -0.543955     7290.0
    1017   -0.321795     9835.0
    1018   -0.256962    14420.0
    1019   -0.258017    18375.0
    1020   -0.418627    22020.0
    1021   -0.294681    25080.0
    1022   -0.338880    27045.0
    1023   -0.368760    28820.0
    1024   -0.401231    31175.0
    1025   -0.400306    33010.0
    1026   -0.402655    35320.0
    1027   -0.532747    38750.0
    1028   -0.535266    41990.0
    1029   -0.517839    44670.0
    1030   -0.576099    46220.0
    1031   -0.573257    49945.0
    1032   -0.670578    55125.0
    1033   -0.788967    60370.0
    1034   -0.767622    61340.0
    1035   -0.728701    64270.0
    1036   -0.777108    66295.0
    1037   -0.619286     7245.0
    1038   -0.296571    10410.0
    1039   -0.186788    13390.0
    1040   -0.294424    17735.0
    1041   -0.311333    18975.0
    1042   -0.264434    20605.0
    1043   -0.260597    22475.0
    1044   -0.316210    24775.0
    1045   -0.322318    25585.0
    1046   -0.368635    31125.0
    1047   -0.453519    32920.0
    1048   -0.499219    36820.0
    1049   -0.508000    40275.0
    1050   -0.550969    42020.0
    1051   -0.523932    45645.0
    1052   -0.599262    47395.0
    1053   -0.563259    50445.0
    1054   -0.650845    52945.0
    1055   -0.619977    54760.0
    1056   -0.647660    56785.0
    1057   -0.785858    61485.0
    1058   -0.616623     9315.0
    1059   -0.345227    12455.0
    1060   -0.272502    16135.0
    1061   -0.327523    18910.0
    1062   -0.248075    20745.0
    1063   -0.336309    24790.0
    1064   -0.400240    28025.0
    1065   -0.436033    31665.0
    1066   -0.440571    34470.0
    1067   -0.501394    37590.0
    1068   -0.479774    38985.0
    1069   -0.305155     7690.0
    1070   -0.166056     9825.0
    1071   -0.174847    11730.0
    1072   -0.232080    15200.0
    1073   -0.309425    20320.0
    1074   -0.359875    22155.0
    1075   -0.281373    22930.0
    1076   -0.338049    25825.0
    1077   -0.397389    28255.0
    1078   -0.357000    30590.0
    1079   -0.440946    33640.0
    1080   -0.454957    36225.0
    1081   -0.453222    38810.0
    1082   -0.486526    39725.0
    1083   -0.502540    43060.0
    1084   -0.599517    47075.0
    1085   -0.621092    49540.0
    1086   -0.664358    53220.0
    1087   -0.624932    55090.0
    1088   -0.694899    57425.0
    1089   -0.721059     1355.0
    1090   -0.177807     5375.0
    1091   -0.184601    15255.0
    1092   -0.580569    21550.0
    1093   -0.426139    26745.0
    1094   -0.563920    32010.0
    1095   -0.435878    35460.0
    1096   -0.628675    43675.0
    1097   -0.614818    44660.0
    1098   -0.634830    50235.0
    1099   -0.639276    51320.0
    1100   -0.625250    55170.0
    1101   -0.738689    59050.0
    1102   -0.572016     4250.0
    1103   -0.273526     8625.0
    1104   -0.196819    11430.0
    1105   -0.318059    14500.0
    1106   -0.271212    22625.0
    1107   -0.596675    30310.0
    1108   -0.517877    33150.0
    1109   -0.486920    35285.0
    1110   -0.416585    38105.0
    1111   -0.604856    43705.0
    1112   -0.628292    49990.0
    1113   -0.777536    55200.0
    1114   -0.731592    58410.0
    1115   -0.420962     7260.0
    1116   -0.270885     8375.0
    1117   -0.139641    11210.0
    1118   -0.337632    19175.0
    1119   -0.476368    23995.0
    1120   -0.417771    27595.0
    1121   -0.434771    30710.0
    1122   -0.518667    37385.0
    1123   -0.592299    40545.0
    1124   -0.549681    46485.0
    1125   -0.758866    53660.0
    1126   -0.967589    67535.0
    1127   -1.292470     2605.0
    1128   -0.315877     9410.0
    1129   -0.202292    10595.0
    1130   -0.286740    18365.0
    1131   -0.378630    22680.0
    1132   -0.432957    28075.0
    1133   -0.517043    31730.0
    1134   -0.474040    36135.0
    1135   -0.578462    41045.0
    1136   -0.638182    46880.0
    1137   -0.773767    53020.0
    1138   -0.745995    55415.0
    1139   -0.720023    65865.0
    1140   -0.916740    21950.0
    1141   -1.147153   149510.0
    1142   -3.405668   335660.0
    1143   -6.103936   624410.0
    1144  -10.436661  1028660.0
    1145  -16.040997  1615795.0
    1146  -40.349309    29305.0
    1147   -1.431167   118755.0
    1148   -3.332394   331740.0
    1149   -5.296003   479845.0
    1150   -8.052710   778105.0
    1151  -11.393420  1094900.0
    1152  -34.482936    51195.0
    1153   -1.428922   158465.0
    1154   -3.302012   332400.0
    1155   -4.657682   516530.0
    1156   -7.907165   766290.0
    1157  -42.148217     4610.0
    1158   -0.638951    59745.0
    1159   -2.005505   178140.0
    1160   -3.949382   351810.0
    1161   -5.813767   606060.0
    1162   -8.398653   892170.0
    1163  -43.014912     5900.0
    1164   -0.209288     7020.0
    1165   -0.200021    10225.0
    1166   -0.234634    13940.0
    1167   -0.283017    16680.0
    1168   -0.294543    19605.0
    1169   -0.268332    21130.0
    1170   -0.269922    23155.0
    1171   -0.401470    26240.0
    1172   -0.310309    28645.0
    1173   -0.448767    32350.0
    1174   -0.458729    34135.0
    1175   -0.408068    37645.0
    1176   -0.518630    40160.0
    1177   -0.565681    44600.0
    1178   -0.576149    45430.0
    1179   -0.539142    48135.0
    1180   -0.579210    51560.0
    1181   -0.663470    52455.0
    1182   -0.642804    54910.0
    1183   -0.694444    58640.0
    1184   -0.710274     6085.0
    1185   -0.204373     8395.0
    1186   -0.183042    11510.0
    1187   -0.201734    15255.0
    1188   -0.323693    18700.0
    1189   -0.341188    21070.0
    1190   -0.291285    23095.0
    1191   -0.336752    24810.0
    1192   -0.295342    25615.0
    1193   -0.368455    29735.0
    1194   -0.483193    33175.0
    1195   -0.446882    35605.0
    1196   -0.532845    40305.0
    1197   -0.521149    42175.0
    1198   -0.526882    44415.0
    1199   -0.569854    48080.0
    1200   -0.629660    50490.0
    1201   -0.612882    54135.0
    1202   -0.686274    55970.0
    1203   -0.649123    57005.0
    1204   -0.667668    59995.0
    1205   -0.602622     8070.0
    1206   -0.332392    10120.0
    1207   -0.145944    11835.0
    1208   -0.209623    13455.0
    1209   -0.327536    17645.0
    1210   -0.225556    19400.0
    1211   -0.271561    21435.0
    1212   -0.324715    23740.0
    1213   -0.337924    25290.0
    1214   -0.351280    27590.0
    1215   -0.330962    29425.0
    1216   -0.428115    32430.0
    1217   -0.406859    33350.0
    1218   -0.486295    38760.0
    1219   -0.605944    42615.0
    1220   -0.531505    44640.0
    1221   -0.532118    46475.0
    1222   -0.584965    48905.0
    1223   -0.617446    51725.0
    1224   -0.620625    55375.0
    1225   -0.748807    59025.0
    1226   -0.637609    10690.0
    1227   -0.466306    15745.0
    1228   -0.316802    17680.0
    1229   -0.273241    21085.0
    1230   -0.320783    22170.0
    1231   -0.285373    24160.0
    1232   -0.343356    27145.0
    1233   -0.461934    31540.0
    1234   -0.417854    33830.0
    1235   -0.481516    38200.0
    1236   -0.559049    40510.0
    1237   -0.503479    41720.0
    1238   -0.461903    43160.0
    1239   -0.520465    45565.0
    1240   -0.588189    47270.0
    1241   -0.590073    50915.0
    1242   -0.663885    52750.0
    1243   -0.617030    55085.0
    1244   -0.651658    56395.0
    1245   -0.636424    57790.0
    1246   -0.680724    61565.0
    1247   -0.778550     6850.0
    1248   -0.089592     7320.0
    1249   -0.109391     8125.0
    1250   -0.107526     8685.0
    1251   -0.107556     9110.0
    1252   -0.122835     9805.0
    1253   -0.131368    10520.0
    1254   -0.133984    11145.0
    1255   -0.132677    11570.0
    1256   -0.142828    12105.0
    1257   -0.156547    12845.0
    1258   -0.158974    13470.0
    1259   -0.175799    14365.0
    1260   -0.182238    15190.0
    1261   -0.190450    15995.0
    1262   -0.181950    16375.0
    1263   -0.189309    16845.0
    1264   -0.189516    17205.0
    1265   -0.202536    17785.0
    1266   -0.220193    18655.0
    1267   -0.218993    19255.0
    1268   -0.226486    19905.0
    1269   -0.228578    20420.0
    1270   -0.225911    20800.0
    1271   -0.239429    21315.0
    1272   -0.240229    21835.0
    1273   -0.447352     8675.0
    1274   -0.110524     9190.0
    1275   -0.110563     9570.0
    1276   -0.125448    10220.0
    1277   -0.121005    10580.0
    1278   -0.142316    11430.0
    1279   -0.142477    12010.0
    1280   -0.146582    12620.0
    1281   -0.176533    13695.0
    1282   -0.176380    14525.0
    1283   -0.173349    15065.0
    1284   -0.169271    15380.0
    1285   -0.186531    16035.0
    1286   -0.192760    16685.0
    1287   -0.188580    17065.0
    1288   -0.192276    17425.0
    1289   -0.211042    18255.0
    1290   -0.211328    18795.0
    1291   -0.220479    19375.0
    1292   -0.229908    20090.0
    1293   -0.257148    21270.0
    1294   -0.248608    21960.0
    1295   -0.254868    22610.0
    1296   -0.259901    23215.0
    1297   -0.276491    24110.0
    1298   -0.271776    24600.0
    1299   -0.418222     8345.0
    1300   -0.110606     8995.0
    1301   -0.111026     9400.0
    1302   -0.117932     9940.0
    1303   -0.145312    10945.0
    1304   -0.137637    11550.0
    1305   -0.142036    12110.0
    1306   -0.141568    12490.0
    1307   -0.146042    12895.0
    1308   -0.151012    13365.0
    1309   -0.161373    13880.0
    1310   -0.148411    14015.0
    1311   -0.165021    14465.0
    1312   -0.186856    15400.0
    1313   -0.176181    15800.0
    1314   -0.178755    16160.0
    1315   -0.183611    16540.0
    1316   -0.193823    17080.0
    1317   -0.186667    17305.0
    1318   -0.197816    17730.0
    1319   -0.206582    18310.0
    1320   -0.210227    18800.0
    1321   -0.243858    19980.0
    1322   -0.225691    20450.0
    1323   -0.230090    20830.0
    1324   -0.236745    21365.0
    1325   -0.375655     7900.0
    1326   -0.102316     8415.0
    1327   -0.113771     9040.0
    1328   -0.118057     9690.0
    1329   -0.131931    10450.0
    1330   -0.139125    11145.0
    1331   -0.155203    12100.0
    1332   -0.147797    12635.0
    1333   -0.144036    12950.0
    1334   -0.157620    13510.0
    1335   -0.164722    14275.0