 episode  sum_reward  tardiness
       1  -75.665329  2042690.0
       2  -48.417411  1305990.0
       3  -25.632587   683950.0
       4  -27.549820   730880.0
       5  -19.602955   534820.0
       6  -13.159694   317390.0
       7  -32.726324   874880.0
       8  -15.304743   408880.0
       9  -68.471278  1859830.0
      10  -46.624705  1217640.0
      11  -49.332847  1308680.0
      12  -10.230087   266330.0
      13  -15.921934   447920.0
      14  -89.037644  2379480.0
      15  -94.938940  2577950.0
      16  -16.101132   433390.0
      17  -79.735246  2165120.0
      18   -8.711361   233280.0
      19  -17.963507   490050.0
      20  -18.796756   474130.0
      21   -9.634243   253780.0
      22  -22.577007   593550.0
      23  -11.359684   298750.0
      24  -74.638133  2010170.0
      25  -10.510257   276090.0
      26   -7.740611   206100.0
      27  -95.069010  2492320.0
      28  -61.814378  1647020.0
      29  -19.456531   510150.0
      30  -38.458792  1050600.0
      31  -43.780611  1177550.0
      32  -50.988014  1269060.0
      33  -26.950836   705260.0
      34  -18.572160   476170.0
      35  -29.298530   774150.0
      36  -14.637806   387400.0
      37  -34.684865   906860.0
      38  -11.028403   275140.0
      39  -28.594986   740090.0
      40  -16.642743   431780.0
      41  -14.081896   379290.0
      42  -16.980160   447650.0
      43  -56.993282  1482250.0
      44  -31.619522   807980.0
      45  -28.464072   753700.0
      46  -34.556920   924890.0
      47  -23.424646   637210.0
      48  -25.716097   687160.0
      49  -28.901822   792230.0
      50  -12.127528   320550.0
      51  -33.337719   840890.0
      52  -10.886993   290420.0
      53  -35.756326   933260.0
      54  -27.844073   700210.0
      55  -69.221598  1872420.0
      56  -25.105850   652930.0
      57  -25.445170   669840.0
      58  -21.893080   601030.0
      59   -9.914372   269770.0
      60  -35.483073   948860.0
      61  -46.998008  1224980.0
      62  -69.738389  1849500.0
      63  -16.968146   446640.0
      64   -9.117913   244140.0
      65  -22.862809   609340.0
      66  -28.312275   718330.0
      67  -12.363448   329020.0
      68   -9.361542   250180.0
      69  -10.814885   288760.0
      70  -11.088986   293980.0
      71  -18.196670   478210.0
      72  -14.095312   369510.0
      73   -8.090677   216700.0
      74   -9.195622   220360.0
      75  -41.405938  1120360.0
      76  -12.120538   322400.0
      77  -36.646226   981640.0
      78  -53.872930  1470790.0
      79  -38.421469  1050420.0
      80  -81.341496  2210270.0
      81 -133.357265  3533370.0
      82  -14.990296   412000.0
      83  -14.891649   369240.0
      84  -10.875899   295350.0
      85   -9.155871   245960.0
      86  -11.550465   307330.0
      87  -15.704677   394270.0
      88  -32.604354   842250.0
      89  -11.353736   270530.0
      90  -30.281208   784000.0
      91  -12.381528   331400.0
      92  -52.115733  1396150.0
      93  -11.055434   280650.0
      94  -13.847837   363810.0
      95  -13.397170   346720.0
      96  -26.211312   675100.0
      97  -11.082025   294650.0
      98  -15.715406   422560.0
      99  -19.765118   540050.0
     100  -24.669795   648580.0
     101  -57.869373  1583580.0
     102  -39.310431  1081450.0
     103  -20.827552   555700.0
     104 -113.141551  3003840.0
     105  -11.246035   294410.0
     106  -36.141587   924550.0
     107  -12.780070   340450.0
     108  -16.041934   428020.0
     109  -38.586093  1005040.0
     110  -12.357215   319660.0
     111  -10.890413   297630.0
     112   -8.983726   238800.0
     113  -58.379318  1580970.0
     114  -40.780761  1119380.0
     115 -129.721116  3478480.0
     116  -36.064260   901330.0
     117  -28.948705   754850.0
     118  -11.163979   291190.0
     119  -98.332562  2614040.0
     120  -66.596896  1734840.0
     121  -24.473608   664680.0
     122  -14.026827   360520.0
     123  -17.937507   480870.0
     124  -13.251965   329060.0
     125  -10.495184   281160.0
     126  -76.114136  2055260.0
     127  -61.124835  1626210.0
     128  -33.198500   867960.0
     129   -6.501160   170590.0
     130  -12.563528   336860.0
     131  -30.046187   817620.0
     132  -11.058802   269370.0
     133  -72.319707  1933740.0
     134   -9.415774   246590.0
     135  -31.214427   796300.0
     136  -17.830774   469360.0
     137  -12.534431   332830.0
     138   -7.976833   215810.0
     139   -8.539962   230540.0
     140  -30.431383   800470.0
     141  -39.914681  1085420.0
     142  -10.881229   286100.0
     143  -22.704076   593650.0
     144  -72.183993  1894450.0
     145  -13.622298   357670.0
     146  -88.996347  2377680.0
     147  -42.108479  1125620.0
     148  -45.606671  1229640.0
     149   -4.698180   130590.0
     150  -14.563566   392240.0
     151  -48.448045  1337430.0
     152   -5.778580   156520.0
     153  -17.793556   482880.0
     154  -54.716958  1508890.0
     155  -22.149146   561660.0
     156  -29.416299   747690.0
     157  -16.521469   435120.0
     158  -33.110875   828110.0
     159  -53.787062  1449630.0
     160  -33.636622   939600.0
     161   -8.535493   229770.0
     162  -12.318035   324540.0
     163   -8.147740   218320.0
     164   -9.832986   257320.0
     165  -30.555548   827810.0
     166  -37.076628   983320.0
     167  -20.447514   563540.0
     168  -97.109004  2548470.0
     169   -7.701916   211150.0
     170   -8.904170   233750.0
     171  -20.129344   559110.0
     172  -40.137701  1086230.0
     173  -19.125511   517970.0
     174  -59.710909  1599790.0
     175  -51.767111  1382240.0
     176  -40.837980  1122910.0
     177  -10.755083   269890.0
     178  -35.953848   968060.0
     179  -24.918555   656450.0
     180  -22.768611   607510.0
     181   -6.338726   175050.0
     182  -31.749923   808880.0
     183  -87.311528  2337650.0
     184  -12.614218   323120.0
     185  -14.545584   395220.0
     186  -10.243458   269130.0
     187  -21.778438   518720.0
     188  -10.796306   267940.0
     189  -15.263128   377440.0
     190  -34.807299   882590.0
     191  -15.105233   397060.0
     192  -21.655796   598720.0
     193  -19.952087   536840.0
     194  -73.775021  1971630.0
     195  -11.477368   290550.0
     196  -26.127080   686540.0
     197  -39.721979  1096040.0
     198  -65.894383  1779200.0
     199  -11.414052   290020.0
     200  -39.294038  1071480.0
     201  -55.178587  1525490.0
     202   -5.558528   153130.0
     203  -11.027917   286920.0
     204  -80.855436  2289010.0
     205  -13.384257   357060.0
     206   -2.514899    56940.0
     207  -52.555445  1410190.0
     208  -10.190344   258710.0
     209   -7.798438   211900.0
     210   -0.491802     9180.0
     211   -0.002806       80.0
     212   -0.809160    13090.0
     213  -36.592650   990030.0
     214  -30.144083   805180.0
     215   -5.990364   160960.0
     216   -0.791069    18040.0
     217  -14.112142   391890.0
     218   -2.661826    70820.0
     219    0.000000        0.0
     220   -0.043274      830.0
     221   -6.998444   186910.0
     222  -34.542241   977910.0
     223   -2.153153    58390.0
     224  -19.360652   552330.0
     225   -1.442174    30910.0
     226   -2.155795    58440.0
     227   -0.410281     1800.0
     228   -0.574778     6960.0
     229   -1.306521    36890.0
     230   -0.963941    17700.0
     231   -0.364840     4600.0
     232   -0.830295    13440.0
     233   -2.483573    67150.0
     234  -28.339517   734010.0
     235  -31.162854   808590.0
     236   -1.410826    30470.0
     237  -21.364718   604330.0
     238   -1.162580    16280.0
     239   -0.363253     2700.0
     240   -0.029938        0.0
     241   -7.355361   200970.0
     242   -0.296299     3340.0
     243   -1.297712    36560.0
     244  -11.829639   318690.0
     245   -0.174417     1990.0
     246  -50.195969  1378790.0
     247   -1.409156    33770.0
     248   -0.684479    18290.0
     249  -95.920427  2561660.0
     250   -0.415920     9090.0
     251   -8.772750   232650.0
     252   -0.160469     1600.0
     253   -0.222281     1780.0
     254   -0.077552      680.0
     255   -8.855566   247410.0
     256   -0.233056     1820.0
     257   -0.502250    13020.0
     258   -0.230497     4890.0
     259   -5.028503   136430.0
     260  -17.224570   443330.0
     261   -0.042649     1220.0
     262   -0.382167     1930.0
     263   -0.091014     2580.0
     264   -0.519132     9150.0
     265   -0.342670     3280.0
     266    0.000000        0.0
     267   -0.252028     2550.0
     268    0.000000        0.0
     269   -0.085632     2420.0
     270   -0.564483    13160.0
     271   -0.105024     2510.0
     272   -1.515014    40920.0
     273  -23.679840   659220.0
     274  -52.115372  1388080.0
     275   -2.937622    76640.0
     276   -9.032729   239370.0
     277   -0.030389      870.0
     278    0.000000        0.0
     279   -0.085594     2420.0
     280   -0.075299        0.0
     281   -0.065163     1860.0
     282   -0.243997     2420.0
     283   -6.001608   163970.0
     284   -1.514854    35780.0
     285   -0.090358     2400.0
     286   -5.437375   151350.0
     287   -0.076719        0.0
     288   -0.056132     1600.0
     289  -42.735291  1154000.0
     290   -0.268556     2940.0
     291   -0.028969      830.0
     292  -19.133940   537170.0
     293    0.000000        0.0
     294   -7.394677   193290.0
     295    0.000000        0.0
     296   -0.082167      800.0
     297   -0.268094     6600.0
     298   -0.089889     2400.0
     299   -3.979424   111290.0
     300   -7.240302   206690.0
     301   -2.653611    73960.0
     302   -0.060944     1730.0
     303   -0.109514     2260.0
     304   -0.571007    15770.0
     305   -1.959563    50200.0
     306   -3.981337   111250.0
     307   -8.310965   216000.0
     308   -0.085066     2420.0
     309   -0.115160     2420.0
     310   -0.712472    10370.0
     311   -0.279663     6300.0
     312    0.000000        0.0
     313   -0.241229     3530.0
     314   -2.185177    62130.0
     315   -2.981733    84020.0
     316   -0.043017     1220.0
     317   -0.604681    15780.0
     318   -0.550500    12750.0
     319   -4.036253   112920.0
     320  -10.797681   271790.0
     321   -0.000170        0.0
     322   -0.394372     8510.0
     323  -52.567104  1482230.0
     324   -1.750691    44350.0
     325   -2.171559    58840.0
     326    0.000000        0.0
     327    0.000000        0.0
     328  -12.972615   368680.0
     329   -1.065021    28200.0
     330  -20.206236   550820.0
     331  -26.452899   693830.0
     332   -4.731201   125730.0
     333    0.000000        0.0
     334   -0.259997     1590.0
     335   -0.085170     2420.0
     336   -3.837399   107260.0
     337   -7.644333   199790.0
     338   -2.269660    58510.0
     339   -0.078101      200.0
     340    0.000000        0.0
     341   -2.003993    53620.0
     342   -0.199444     1160.0
     343   -0.029108      830.0
     344   -0.256958     6020.0
     345   -9.072701   252330.0
     346   -5.351014   144430.0
     347   -0.028007      800.0
     348   -0.059434     1690.0
     349   -0.077031        0.0
     350  -11.543195   315640.0
     351   -0.284844     3300.0
     352   -0.000708       20.0
     353  -34.895254   939130.0
     354   -0.210535     1230.0
     355   -0.000003        0.0
     356  -15.865444   431450.0
     357   -0.055656        0.0
     358   -3.127861    82750.0
     359   -6.273281   174110.0
     360   -0.685580    13230.0
     361   -0.822493    15920.0
     362   -0.139594     3920.0
     363   -0.286715     3270.0
     364  -30.179365   815050.0
     365   -0.677063    17850.0
     366   -0.000087        0.0
     367   -0.084997     2420.0
     368   -0.223840     1600.0
     369   -0.726965    14940.0
     370   -8.586080   240420.0
     371   -0.371920     4450.0
     372   -4.006941   111850.0
     373   -0.586427    15520.0
     374   -5.671517   157660.0
     375   -1.850292    50770.0
     376   -0.090351     2400.0
     377   -0.028972      830.0
     378   -0.121285     3420.0
     379   -0.438601     7930.0
     380   -1.017670    26200.0
     381    0.000000        0.0
     382   -0.088215     2510.0
     383   -0.469528    12880.0
     384   -0.702250    14960.0
     385   -3.986990   110850.0
     386    0.000000        0.0
     387   -0.000694       20.0
     388   -5.434677   152400.0
     389    0.000000        0.0
     390    0.000000        0.0
     391   -0.014285      410.0
     392   -5.316559   148440.0
     393   -0.160476     3390.0
     394   -0.073972     1260.0
     395   -2.534653    70270.0
     396   -1.370573    38160.0
     397   -1.575549    44810.0
     398   -1.684840    46410.0
     399   -1.443205    36940.0
     400    0.000000        0.0
     401   -3.629542   101240.0
     402  -19.588538   530070.0
     403   -3.585705    99980.0
     404   -2.737406    74990.0
     405  -10.353320   266800.0
     406   -0.107722     3070.0
     407   -0.672861    16210.0
     408    0.000000        0.0
     409   -0.450222     9120.0
     410   -1.474042    41640.0
     411   -1.758507    49840.0
     412   -5.623920   154860.0
     413    0.000000        0.0
     414   -0.253646     2370.0
     415  -26.158768   744280.0
     416   -8.481476   236080.0
     417   -1.412875    39890.0
     418   -3.497021    95000.0
     419   -0.273615     2660.0
     420   -0.203194     5450.0
     421   -0.091212     2580.0
     422    0.000000        0.0
     423   -0.629618    13100.0
     424  -58.605033  1666520.0
     425   -0.065535     1620.0
     426   -3.683285   103250.0
     427  -64.454077  1818130.0
     428    0.000000        0.0
     429  -95.984854  2711120.0
     430   -0.024667        0.0
     431   -0.066302     1890.0
     432   -6.668889   179140.0
     433  -29.108197   802550.0
     434  -70.807890  1962940.0
     435  -10.731021   302150.0
     436   -2.622326    69920.0
     437   -0.792608    20970.0
     438   -0.739837    17040.0
     439   -0.223486     2580.0
     440   -3.374205    96410.0
     441    0.000000        0.0
     442   -0.039889     1060.0
     443    0.000000        0.0
     444   -0.124497     2420.0
     445   -1.628507    45890.0
     446   -0.050882       20.0
     447   -1.642351    41300.0
     448    0.000000        0.0
     449   -0.065698      430.0
     450   -3.628840   101800.0
     451  -30.500514   829430.0
     452    0.000000        0.0
     453   -0.091396     2600.0
     454   -1.300240    27200.0
     455   -0.100229     1190.0
     456   -9.606712   259770.0
     457    0.000000        0.0
     458   -3.445781    95270.0
     459   -0.140722     3170.0
     460   -0.028976      830.0
     461   -0.261806     2740.0
     462   -0.093753     2620.0
     463   -0.070212        0.0
     464   -4.787587   132480.0
     465   -1.752104    49740.0
     466  -27.552274   740870.0
     467    0.000000        0.0
     468   -2.351785    60510.0
     469 -120.718893  3259060.0
     470   -0.283899     6750.0
     471   -0.223493     2590.0
     472    0.000000        0.0
     473   -1.455851    22610.0
     474   -4.142646   115200.0
     475   -0.609382    10150.0
     476  -44.368881  1277040.0
     477   -5.017733   138970.0
     478   -0.952139    25600.0
     479   -2.166080    56740.0
     480   -5.344722   148850.0
     481   -0.142774     3550.0
     482   -0.094372     2670.0
     483   -0.325965     2420.0
     484  -29.208614   787810.0
     485   -0.250465     2310.0
     486   -5.372875   149710.0
     487   -0.043483     1220.0
     488    0.000000        0.0
     489   -0.005861        0.0
     490   -0.207781     1220.0
     491   -1.469285    36810.0
     492   -7.283705   200960.0
     493    0.000000        0.0
     494   -0.104774        0.0
     495  -31.637913   812420.0
     496  -43.613632  1221020.0
     497   -4.580507   126980.0
     498   -0.084997     2420.0
     499   -0.085632     2420.0
     500   -3.043840    86340.0
     501    0.000000        0.0
     502  -57.392233  1575860.0
     503   -0.298823     6300.0
     504   -0.424247     2870.0
     505   -0.056247     1600.0
     506   -0.120208     3240.0
     507   -3.124340    89130.0
     508    0.000000        0.0
     509   -5.229785   143080.0
     510   -0.268993     6610.0
     511  -13.965805   380830.0
     512    0.000000        0.0
     513   -0.073319     1600.0
     514   -0.200833     5630.0
     515    0.000000        0.0
     516   -0.370740     8950.0
     517   -1.296576    30960.0
     518   -3.508191    98180.0
     519   -1.371174    36720.0
     520   -0.372410     8940.0
     521   -0.099458     2420.0
     522   -0.085146     2420.0
     523   -4.243090   118360.0
     524   -0.242108     2420.0
     525  -57.748653  1595770.0
     526   -0.098462     2420.0
     527   -0.088122     2510.0
     528   -2.575104    67310.0
     529  -11.840996   333110.0
     530   -0.085545     2420.0
     531   -2.311521    60750.0
     532   -0.092215     2590.0
     533   -0.126260     2730.0
     534   -2.534753    63120.0
     535   -5.125722   141710.0
     536    0.000000        0.0
     537   -0.014997      430.0
     538    0.000000        0.0
     539    0.000000        0.0
     540   -0.046646     1330.0
     541   -0.056167     1600.0
     542   -5.482125   145480.0
     543   -0.042740     1120.0
     544   -0.668090    17550.0
     545   -0.071851       20.0
     546   -4.142024   111660.0
     547   -8.138587   224990.0
     548   -0.284698     3570.0
     549   -0.177056     2420.0
     550  -29.068485   796380.0
     551  -56.926996  1533720.0
     552   -6.461045   172690.0
     553   -0.700017     9930.0
     554   -4.547632   112890.0
     555   -0.807076    10000.0
     556   -1.591601    39250.0
     557   -0.047955     1360.0
     558   -6.280712   166900.0
     559   -0.137448     3880.0
     560   -1.075396    26580.0
     561   -0.299601     6500.0
     562    0.000000        0.0
     563  -19.749358   549570.0
     564   -3.573969    99620.0
     565   -5.224177   144440.0
     566  -18.717170   514080.0
     567   -6.820705   184620.0
     568    0.000000        0.0
     569   -0.754583     8820.0
     570   -0.681323    18620.0
     571    0.000000        0.0
     572   -6.880372   190440.0
     573   -0.847708    20970.0
     574   -1.384278    30640.0
     575   -0.065625     1890.0
     576   -2.239413    55720.0
     577   -4.574497   128660.0
     578   -3.628878    97400.0
     579   -0.065625     1890.0
     580   -2.357413    58610.0
     581   -3.709740    96580.0
     582  -12.739445   347760.0
     583 -104.990503  2937520.0
     584   -1.715566    40610.0
     585   -6.926337   193010.0
     586  -43.944357  1193110.0
     587  -11.238313   302540.0
     588   -3.901153   106010.0
     589   -0.055017     1490.0
     590  -48.185611  1337190.0
     591  -11.398267   302860.0
     592   -2.732913    74670.0
     593   -0.000080        0.0
     594   -0.571038    14910.0
     595   -0.046000     1310.0
     596   -3.806378   102620.0
     597   -0.293076     4520.0
     598   -0.446472    12490.0
     599   -0.086778     1600.0
     600   -0.108462     2250.0
     601   -0.625556    17440.0
     602  -10.365569   288790.0
     603   -2.004830    46040.0
     604   -0.090229     2530.0
     605   -4.466062   124730.0
     606   -1.615295    45560.0
     607   -0.253170     2750.0
     608   -0.085153     2420.0
     609   -2.119295    57840.0
     610    0.000000        0.0
     611   -6.045601   166940.0
     612    0.000000        0.0
     613   -2.164597    61170.0
     614   -0.059132       10.0
     615   -0.229194     3870.0
     616   -2.284021    64680.0
     617   -0.085403     2420.0
     618   -2.430208    68920.0
     619   -0.230833     1780.0
     620   -0.040889      830.0
     621   -9.581031   251560.0
     622   -1.247274    33450.0
     623   -1.793198    50970.0
     624   -0.406108    10060.0
     625   -1.295486    27200.0
     626   -0.024667        0.0
     627    0.000000        0.0
     628   -0.006562       20.0
     629    0.000000        0.0
     630  -53.604379  1447390.0
     631   -0.188816     2420.0
     632  -24.586562   655820.0
     633   -0.222705     1600.0
     634   -0.014944      430.0
     635  -26.876268   739540.0
     636   -3.818517   103230.0
     637   -2.034219    57470.0
     638   -5.465135   153330.0
     639   -3.450899    96760.0
     640   -7.706455   203810.0
     641    0.000000        0.0
     642   -0.055969     1600.0
     643  -29.523069   768920.0
     644   -0.077181       10.0
     645   -0.009934      280.0
     646   -0.235361     1970.0
     647   -0.199667     1190.0
     648   -0.084997     2420.0
     649   -8.278673   229500.0
     650   -0.029111      830.0
     651   -0.851743    19090.0
     652   -0.146649     2420.0
     653   -2.109146    59530.0
     654  -22.953197   600100.0
     655   -0.360924     7690.0
     656   -0.069559      800.0
     657   -2.094191    58850.0
     658   -1.968247    55570.0
     659   -0.085569     2420.0
     660  -92.423707  2492250.0
     661   -0.099309     2420.0
     662   -2.270375    64320.0
     663   -9.556639   253620.0
     664  -96.012656  2638170.0
     665   -2.175177    61600.0
     666   -0.085403     2420.0
     667    0.000000        0.0
     668    0.000000        0.0
     669   -0.749167    19640.0
     670   -0.717608    10840.0
     671   -0.099465        0.0
     672  -26.178090   702580.0
     673   -0.372569    10730.0
     674   -5.028302   142020.0
     675  -17.429740   496750.0
     676  -16.127854   446590.0
     677   -8.981816   244120.0
     678   -0.165990     1800.0
     679   -0.029250      830.0
     680   -0.102351     2500.0
     681   -1.517378    41350.0
     682   -0.027913      800.0
     683   -6.188389   170420.0
     684   -2.478698    66930.0
     685   -2.272771    64360.0
     686  -45.348837  1184520.0
     687  -26.466743   694970.0
     688   -0.015385      430.0
     689   -0.029031      830.0
     690   -5.578017   153560.0
     691   -0.085403     2420.0
     692  -18.738930   523760.0
     693  -33.634819   895230.0
     694  -35.905764   959050.0
     695   -0.659299    17200.0
     696   -6.944222   182070.0
     697   -0.426233     7620.0
     698  -21.058709   577130.0
     699   -0.000181        0.0
     700   -1.605260    43420.0
     701   -5.354170   149350.0
     702  -57.495139  1636410.0
     703   -2.049424    52530.0
     704   -0.168979     4760.0
     705   -8.196243   231920.0
     706   -0.427576    11820.0
     707   -0.002795       70.0
     708   -0.373455     5530.0
     709  -12.652937   318700.0
     710   -1.295208    30600.0
     711   -4.166878   116790.0
     712   -4.420837   123730.0
     713   -4.140045   115990.0
     714   -1.498694    35630.0
     715   -4.727226   128240.0
     716   -3.520955    97090.0
     717   -0.822003    21270.0
     718   -8.154733   223180.0
     719   -1.914146    51790.0
     720   -0.022181      630.0
     721   -2.479431    67420.0
     722   -0.074764     2110.0
     723   -3.461379    96930.0
     724  -29.905782   778830.0
     725   -2.794097    68680.0
     726   -5.334136   146950.0
     727   -0.044212     1220.0
     728   -2.732448    72080.0
     729    0.000000        0.0
     730    0.000000        0.0
     731   -0.029260      830.0
     732   -0.084997     2420.0
     733   -0.444000     9780.0
     734    0.000000        0.0
     735   -9.086118   255650.0
     736   -0.023462      590.0
     737   -7.338500   187900.0
     738   -1.815403    47400.0
     739   -0.029552      840.0
     740   -0.073101     2080.0
     741  -12.157705   340740.0
     742   -2.359056    59070.0
     743   -4.777667   134190.0
     744   -1.842715    49440.0
     745   -0.508399    12820.0
     746   -0.223146     2580.0
     747    0.000000        0.0
     748   -4.045722   107020.0
     749  -18.986177   521140.0
     750   -0.083736      830.0
     751    0.000000        0.0
     752  -36.169740  1015800.0
     753  -47.686410  1335110.0
     754   -6.239198   173930.0
     755    0.000000        0.0
     756   -7.596316   211800.0
     757   -8.231698   227860.0
     758  -13.797896   387540.0
     759   -0.214437     4080.0
     760   -4.241882   114950.0
     761   -0.113083     2580.0
     762   -0.278573     7780.0
     763   -1.247837    35050.0
     764   -9.355319   240130.0
     765  -40.759829  1152410.0
     766   -0.468990    11910.0
     767  -10.620441   283880.0
     768  -16.228552   446320.0
     769   -0.232788     1870.0
     770   -0.060205     1720.0
     771  -12.059420   321700.0
     772   -0.536587     9900.0
     773   -2.158337    55420.0
     774   -0.641031    17920.0
     775   -0.674990    18830.0
     776   -0.029000      830.0
     777   -0.176608     3720.0
     778  -16.399834   465110.0
     779   -8.227094   227730.0
     780   -0.084997     2420.0
     781   -0.028969      830.0
     782   -0.003406        0.0
     783   -2.835146    77190.0
     784   -0.231889     1870.0
     785   -1.042778    28100.0
     786   -0.030017      860.0
     787    0.000000        0.0
     788   -0.358958     8770.0
     789  -11.578205   326910.0
     790    0.000000        0.0
     791   -0.037837      830.0
     792   -0.351531     3190.0
     793   -0.085622     2420.0
     794    0.000000        0.0
     795   -0.085403     2420.0
     796   -0.426361    11620.0
     797   -3.934316   110320.0
     798   -2.288608    64860.0
     799   -0.537701    13830.0
     800   -2.200250    61520.0
     801   -0.150802     3380.0
     802   -1.968247    55570.0
     803   -4.788521   133700.0
     804  -20.522139   565930.0
     805   -0.084997     2420.0
     806   -5.436885   150100.0
     807  -23.292069   630700.0
     808   -0.014948      430.0
     809   -5.730444   158400.0
     810  -22.779823   583110.0
     811  -27.849046   773300.0
     812   -0.340476     7150.0
     813   -5.776674   148880.0
     814   -0.339656     5340.0
     815   -0.110042        0.0
     816   -0.099229     2420.0
     817   -7.199646   198790.0
     818   -3.660601    97740.0
     819   -0.084997     2420.0
     820   -8.272927   229050.0
     821  -40.530093  1128390.0
     822   -0.000694       20.0
     823  -41.505489  1170930.0
     824   -1.801465    49230.0
     825   -0.051451     1460.0
     826   -0.056104     1600.0
     827  -10.704295   274860.0
     828   -2.099347    38510.0
     829   -3.437049    97880.0
     830   -0.000701       20.0
     831  -27.610330   723130.0
     832   -0.050559     1440.0
     833   -0.000694       20.0
     834   -3.304646    92290.0
     835  -10.982670   257560.0
     836   -0.408233     9840.0
     837   -5.425969   149550.0
     838   -3.917212   109530.0
     839  -19.294837   525520.0
     840   -2.018510    57330.0
     841   -0.029111      830.0
     842   -0.344642     6600.0
     843   -0.027913      800.0
     844   -7.741094   214100.0
     845   -0.448458    10200.0
     846  -73.883732  2101260.0
     847   -0.525229    13650.0
     848    0.000000        0.0
     849   -0.099833     2420.0
     850    0.000000        0.0
     851    0.000000        0.0
     852   -3.991309   108700.0
     853   -0.084997     2420.0
     854  -10.124202   271980.0
     855   -0.085403     2420.0
     856    0.000000        0.0
     857   -0.233069     4840.0
     858   -5.475069   151220.0
     859   -6.017028   166200.0
     860  -48.581330  1311670.0
     861   -0.084997     2420.0
     862   -1.692274    47950.0
     863   -1.372924    36860.0
     864   -8.272927   229050.0
     865   -0.029938        0.0
     866  -44.514653  1225270.0
     867  -43.465580  1172490.0
     868   -0.041778      830.0
     869   -2.489708    69500.0
     870   -6.104073   167370.0
     871  -53.620705  1541800.0
     872   -0.384212    10500.0
     873   -0.528924     9300.0
     874   -0.206365     1180.0
     875  -12.314302   335530.0
     876   -0.228931     6050.0
     877    0.000000        0.0
     878   -0.085538     2420.0
     879   -8.790830   238590.0
     880   -0.877837    24050.0
     881   -0.366729     6010.0
     882   -2.696524    70690.0
     883  -13.326525   364180.0
     884    0.000000        0.0
     885   -7.320913   195960.0
     886   -0.055326       20.0
     887   -1.233246    33110.0
     888   -2.120361    59900.0
     889   -3.742549   104140.0
     890   -1.168958    29800.0
     891  -10.205327   290640.0
     892    0.000000        0.0
     893   -2.226347    63040.0
     894   -0.024667        0.0
     895   -3.186121    87970.0
     896   -0.091865     2570.0
     897   -4.583437   124030.0
     898   -4.169899   116640.0
     899   -8.799670   242340.0
     900   -0.087674     2420.0
     901   -2.132799    54880.0
     902   -0.015087      430.0
     903   -5.935451   160750.0
     904   -0.110608     1320.0
     905   -0.068385     1950.0
     906   -0.223118     2580.0
     907   -0.006812       20.0
     908   -2.330618    65900.0
     909   -0.085403     2420.0
     910  -86.759827  2380420.0
     911  -22.382150   643500.0
     912   -0.085403     2420.0
     913  -34.534170   974360.0
     914   -0.084997     2420.0
     915   -1.956674    55240.0
     916   -5.439847   150010.0
     917  -14.152667   388980.0
     918   -0.085403     2420.0
     919   -5.786094   159930.0
     920   -0.058573        0.0
     921   -3.604778   100890.0
     922   -5.548545   153640.0
     923  -12.108930   327100.0
     924   -0.446042     3690.0
     925   -2.512458    65290.0
     926   -0.039177      830.0
     927   -2.109146    59530.0
     928   -0.678938    14840.0
     929   -0.114854     2460.0
     930  -92.254056  2491210.0
     931   -2.783420    74440.0
     932   -0.246844     2490.0
     933   -0.207285     1140.0
     934   -0.085410     2420.0
     935   -0.366955    10010.0
     936   -6.402698   178940.0
     937  -19.816636   550180.0
     938  -27.704069   726920.0
     939   -3.939156   110330.0
     940    0.000000        0.0
     941   -0.084997     2420.0
     942   -0.788823    20890.0
     943   -0.098312     2420.0
     944   -0.245049     2520.0
     945   -0.055969     1600.0
     946   -0.054566     1520.0
     947   -7.478917   201630.0
     948   -3.840368   106190.0
     949   -0.084997     2420.0
     950   -0.922451    21470.0
     951   -1.078285    29130.0
     952   -0.211465     2250.0
     953   -0.098528     1950.0
     954   -0.204535     1600.0
     955   -0.062816     1490.0
     956  -62.679482  1749840.0
     957   -3.111313    80940.0
     958   -0.224764     1590.0
     959   -0.577028    10560.0
     960   -0.027913      800.0
     961   -3.967118   110860.0
     962    0.000000        0.0
     963   -0.000694       20.0
     964   -0.223524     2580.0
     965   -5.170854   142440.0
     966  -26.380260   684940.0
     967   -0.084997     2420.0
     968  -14.809458   352410.0
     969   -2.109146    59530.0
     970   -0.028972      830.0
     971    0.000000        0.0
     972   -0.084997     2420.0
     973   -3.700889   105140.0
     974   -0.000701       20.0
     975    0.000000        0.0
     976  -30.562337   797560.0
     977   -2.074378    58480.0
     978   -0.180128      650.0
     979   -1.350010    36430.0
     980   -0.000701       20.0
     981  -35.706944   942330.0
     982  -10.701146   302150.0
     983   -0.029111      830.0
     984   -0.214167     1290.0
     985    0.000000        0.0
     986    0.000000        0.0
     987    0.000000        0.0
     988   -5.460573   148930.0
     989  -44.666801  1248270.0
     990   -4.455142   112930.0
     991   -1.685184    47420.0
     992    0.000000        0.0
     993    0.000000        0.0
     994   -0.014938      430.0
     995   -1.045753    23660.0
     996   -0.998142    27850.0
     997   -2.115694    56810.0
     998   -0.240774     2420.0
     999   -1.835653    47630.0
    1000   -0.000701       20.0
    1001   -0.557198    15600.0
    1002   -5.264195   146890.0
    1003   -1.211431    31690.0
    1004   -0.308750     4280.0
    1005   -3.495691    97130.0
    1006    0.000000        0.0
    1007   -0.024667        0.0
    1008   -7.829702   218700.0
    1009   -0.024667        0.0
    1010  -18.480681   516610.0
    1011   -5.166837   144340.0
    1012   -0.762639    13510.0
    1013   -0.377962     6310.0
    1014   -0.029111      830.0
    1015   -9.479104   261930.0
    1016    0.000000        0.0
    1017   -0.849375    18080.0
    1018   -0.038097      830.0
    1019   -2.287851    61800.0
    1020   -2.459656    47840.0
    1021   -0.083736      830.0
    1022   -1.340094    36160.0
    1023   -2.163198    58370.0
    1024   -0.000694       20.0
    1025   -4.838469   135300.0
    1026   -1.659340    44730.0
    1027   -0.037951      830.0
    1028   -8.903142   232350.0
    1029  -28.815795   791840.0
    1030   -8.592833   220680.0
    1031   -1.746257    47170.0
    1032   -6.877681   188510.0
    1033   -0.496090    13160.0
    1034   -4.160653   116340.0
    1035   -0.047316      830.0
    1036   -6.421746   169450.0
    1037   -1.322236    35150.0
    1038   -2.996774    78590.0
    1039   -0.638878    14930.0
    1040   -1.265292    34130.0
    1041  -46.521127  1318330.0
    1042   -1.297583    27200.0
    1043   -2.713590    72230.0
    1044   -4.356719   118510.0
    1045   -0.373017     8940.0
    1046  -20.976733   600560.0
    1047   -6.221899   172070.0
    1048  -10.507469   294960.0
    1049  -94.006872  2561860.0
    1050   -1.837712    47150.0
    1051   -0.449219    11650.0
    1052   -3.890080   108690.0
    1053   -4.640507   121430.0
    1054  -43.072465  1174020.0
    1055   -0.029875        0.0
    1056  -17.899070   448480.0
    1057   -1.747872    47320.0
    1058   -0.243396     2770.0
    1059   -5.828962   161690.0
    1060    0.000000        0.0
    1061   -7.436965   205260.0
    1062  -28.682992   789190.0
    1063   -5.982139   162260.0
    1064   -1.653476    46660.0
    1065  -32.609587   855150.0
    1066   -8.334490   226810.0
    1067   -0.056948     1600.0
    1068   -3.136986    83420.0
    1069   -1.487507    39770.0
    1070   -0.007639      220.0
    1071   -0.120490        0.0
    1072  -28.186924   733670.0
    1073   -7.341410   205700.0
    1074   -0.361139     5780.0
    1075   -0.000007        0.0
    1076   -5.337181   144570.0
    1077  -13.956851   382320.0
    1078   -0.042969     1210.0
    1079   -2.143118    57750.0
    1080   -4.572646   127810.0
    1081   -1.551872    39820.0
    1082   -1.686062    47720.0
    1083   -0.028972      830.0
    1084   -7.897684   217840.0
    1085   -4.886007   132370.0
    1086   -1.086014    28900.0
    1087  -21.360990   556260.0
    1088    0.000000        0.0
    1089   -2.930347    78320.0
    1090   -0.024667        0.0
    1091   -0.000139        0.0
    1092   -0.168135     3370.0
    1093    0.000000        0.0
    1094    0.000000        0.0
    1095   -3.681396   104460.0
    1096   -0.742344    15400.0
    1097   -4.420344   123640.0
    1098  -60.223285  1641640.0
    1099    0.000000        0.0
    1100   -0.198191     1160.0
    1101  -21.301312   605510.0
    1102   -0.042174      830.0
    1103   -5.022188   139340.0
    1104    0.000000        0.0
    1105   -0.201993     1610.0
    1106   -3.361580    94210.0
    1107   -0.784024    21690.0
    1108    0.000000        0.0
    1109   -4.039653   112700.0
    1110   -0.324431     4390.0
    1111   -2.760969    77150.0
    1112   -1.650774    46700.0
    1113    0.000000        0.0
    1114   -0.039462       20.0
    1115   -0.084997     2420.0
    1116   -5.226424   142870.0
    1117   -4.073931   114280.0
    1118   -0.125128     2710.0
    1119   -0.099823     2420.0
    1120  -10.874389   304510.0
    1121   -2.008410    54180.0
    1122    0.000000        0.0
    1123   -0.084056      830.0
    1124   -0.233132     5600.0
    1125   -2.109233    59530.0
    1126   -4.638795   130520.0
    1127   -1.189569    25100.0
    1128   -0.254674     2530.0
    1129   -0.347330     2420.0
    1130    0.000000        0.0
    1131  -80.448124  2268610.0
    1132   -0.085403     2420.0
    1133   -3.527410    98760.0
    1134   -5.883010   155340.0
    1135    0.000000        0.0
    1136   -5.462316   150350.0
    1137   -8.274816   229390.0
    1138   -2.275431    64470.0
    1139   -5.414788   150180.0
    1140   -0.029250      830.0
    1141   -0.084997     2420.0
    1142    0.000000        0.0
    1143   -3.804559   106260.0
    1144   -2.145830    56520.0
    1145    0.000000        0.0
    1146   -2.275670    64460.0
    1147    0.000000        0.0
    1148   -2.058823    54160.0
    1149   -3.579312   100190.0
    1150   -0.305604     8340.0
    1151  -50.447491  1451800.0
    1152    0.000000        0.0
    1153   -0.084997     2420.0
    1154    0.000000        0.0
    1155   -0.008590        0.0
    1156   -5.287826   138620.0
    1157  -32.743018   833870.0
    1158   -3.691476   103230.0
    1159   -0.056931     1600.0
    1160   -0.332111     5140.0
    1161   -9.646222   255670.0
    1162  -42.181131  1159920.0
    1163   -7.604274   203840.0
    1164   -0.014951      430.0
    1165    0.000000        0.0
    1166   -9.932955   283190.0
    1167  -13.654580   392200.0
    1168  -23.126416   654250.0
    1169  -45.783812  1238010.0
    1170   -1.960632    55600.0
    1171   -2.456778    69620.0
    1172  -40.584669  1110610.0
    1173   -3.633754   101810.0
    1174   -4.699243   131000.0
    1175   -0.029042      830.0
    1176   -0.410299    10870.0
    1177   -0.211913     2260.0
    1178  -35.910531  1013210.0
    1179   -0.298160     2220.0
    1180   -0.638750    16570.0
    1181   -0.043750     1260.0
    1182   -0.938924    25730.0
    1183   -6.049038   166960.0
    1184   -0.085066     2420.0
    1185   -4.091056   114500.0
    1186   -0.030333      840.0
    1187   -0.267990     2660.0
    1188   -5.557656   142880.0
    1189   -8.732649   242290.0
    1190   -4.026931   105240.0
    1191  -39.497412  1136410.0
    1192   -0.000694       20.0
    1193   -1.935066    54560.0
    1194   -3.909632   109320.0
    1195    0.000000        0.0
    1196  -20.191076   562010.0
    1197   -0.028972      830.0
    1198   -9.973872   277480.0
    1199   -3.944136   110210.0
    1200   -2.725469    74290.0
    1201  -44.105342  1241440.0
    1202   -2.773743    74160.0
    1203   -0.241181     2420.0
    1204  -15.996712   443080.0
    1205  -14.297486   385180.0
    1206   -0.085403     2420.0
    1207  -19.625530   545250.0
    1208   -0.028965      830.0
    1209   -0.790417    14630.0
    1210   -0.293299     2980.0
    1211   -0.000694       20.0
    1212   -0.000007        0.0
    1213   -2.850503    71840.0
    1214  -80.581750  2249700.0
    1215   -0.378656     6330.0
    1216   -0.029875        0.0
    1217   -2.028983    49140.0
    1218   -8.651549   243380.0
    1219   -1.586792    44290.0
    1220   -7.809368   223700.0
    1221   -4.665997   125670.0
    1222  -51.259208  1333650.0
    1223   -7.521562   199570.0
    1224   -0.029111      830.0
    1225   -3.607479    94640.0
    1226   -0.280399      990.0
    1227   -0.461667    10140.0
    1228  -40.638103  1164440.0
    1229   -1.568451    41800.0
    1230   -0.223333     2580.0
    1231   -0.335083     2610.0
    1232   -0.042229      830.0
    1233   -0.028965      830.0
    1234   -0.000007        0.0
    1235   -5.434767   150380.0
    1236   -2.000483    37370.0
    1237   -0.160580     1600.0
    1238    0.000000        0.0
    1239   -0.029111      830.0
    1240   -0.244024     2420.0
    1241   -7.217764   198750.0
    1242  -99.064680  2694100.0
    1243    0.000000        0.0
    1244   -0.671611    16510.0
    1245   -0.452639     2810.0
    1246    0.000000        0.0
    1247   -0.029111      830.0
    1248   -0.332021     2500.0
    1249   -3.289264    88450.0
    1250   -0.969486    24700.0
    1251   -0.256771     2580.0
    1252  -34.071562   961420.0
    1253   -0.054816     1480.0
    1254   -1.728035    47190.0
    1255  -35.478038   960590.0
    1256   -6.004205   160720.0
    1257   -0.047799        0.0
    1258   -2.104535    55750.0
    1259   -1.194889    28500.0
    1260   -0.029865      830.0
    1261  -45.394587  1172620.0
    1262   -1.348681    36390.0
    1263   -6.144285   168710.0
    1264   -3.391177    86070.0
    1265   -0.006111        0.0
    1266    0.000000        0.0
    1267   -4.293080   106690.0
    1268   -1.947799    55270.0
    1269   -3.607750   100980.0
    1270  -12.602215   334240.0
    1271   -0.029111      830.0
    1272  -10.063927   244660.0
    1273   -0.710233    19040.0
    1274   -0.110990     2430.0
    1275  -14.571566   373200.0
    1276   -3.556042    95770.0
    1277 -156.870772  4206920.0
    1278   -0.164642     3990.0
    1279  -15.190376   428350.0
    1280   -0.000708       20.0
    1281   -8.904111   246630.0
    1282   -0.204781     1360.0
    1283   -0.377632     6300.0
    1284   -2.051229    58170.0
    1285   -1.325319    35620.0
    1286   -0.914924    24650.0
    1287   -6.700024   187840.0
    1288   -1.931507    52400.0
    1289   -1.304007    35090.0
    1290   -0.241556     2420.0
    1291   -0.029111      830.0
    1292   -0.000097        0.0
    1293   -0.029938        0.0
    1294    0.000000        0.0
    1295   -7.815080   222680.0
    1296  -14.506104   372640.0
    1297  -37.348941   955610.0
    1298   -0.000694       20.0
    1299   -0.032312      900.0
    1300   -0.052740     1420.0
    1301  -71.540688  1959240.0
    1302   -0.617670    17000.0
    1303   -3.923299   109740.0
    1304   -3.643580    93120.0
    1305  -11.529552   321770.0
    1306   -3.660389   102420.0
    1307   -0.759618    13510.0
    1308   -1.964142    55540.0
    1309   -5.244212   148240.0
    1310   -0.275649     6900.0
    1311   -1.669462    47120.0
    1312   -0.296719     2570.0
    1313   -0.174451     2420.0
    1314   -0.085347     2420.0
    1315   -0.005208      150.0
    1316   -0.003719        0.0
    1317  -29.597329   816690.0
    1318   -0.835868    22140.0
    1319  -30.309786   776740.0
    1320   -0.223170     2580.0
    1321   -2.076174    58420.0
    1322   -0.111979     2420.0
    1323   -0.000007        0.0
    1324   -0.569472    12250.0
    1325   -0.241028     2420.0
    1326   -5.095382   140350.0
    1327   -0.084997     2420.0
    1328   -1.522267    42960.0
    1329  -20.026448   545610.0
    1330   -3.356622    89820.0
    1331   -0.029875        0.0
    1332   -0.210906     4200.0
    1333   -4.033382   112750.0
    1334   -3.633260   101590.0
    1335  -22.318781   583710.0
    1336   -2.129639    60390.0
    1337   -4.149441   116150.0
    1338  -15.670101   415930.0
    1339    0.000000        0.0
    1340   -3.646108   102120.0
    1341   -0.633556    16560.0
    1342   -8.285017   217370.0
    1343  -13.957115   380900.0
    1344   -0.051486     1450.0
    1345   -6.886024   193360.0
    1346   -0.016229      450.0
    1347   -3.552830    99810.0
    1348    0.000000        0.0
    1349   -0.456437    10200.0
    1350   -0.006108      160.0
    1351   -0.115059     2420.0
    1352  -28.355382   738680.0
    1353   -2.018472    57330.0
    1354   -0.370135     5270.0
    1355  -35.210917   984780.0
    1356   -0.156087     2420.0
    1357    0.000000        0.0
    1358    0.000000        0.0
    1359   -0.084997     2420.0
    1360   -0.241431     2420.0
    1361   -4.002906   110000.0
    1362   -0.085493     2420.0
    1363   -0.332906     5230.0
    1364   -0.089566     2420.0
    1365   -3.347965    93600.0
    1366   -0.026861      770.0
    1367    0.000000        0.0
    1368   -1.278854    36610.0
    1369   -0.113382     3220.0
    1370   -0.109646     3120.0
    1371   -7.308785   193340.0
    1372   -0.012017      340.0
    1373   -0.836726    22680.0
    1374   -0.354611     6990.0
    1375   -1.114347    26300.0
    1376  -25.056792   681450.0
    1377   -0.109559      150.0
    1378   -0.144028     4040.0
    1379   -0.047649        0.0
    1380   -0.445399     4930.0
    1381   -0.394899    10850.0
    1382   -0.000236        0.0
    1383  -11.213576   307840.0
    1384  -39.309758  1008670.0
    1385   -5.314219   146060.0
    1386    0.000000        0.0
    1387   -0.003396        0.0
    1388    0.000000        0.0
    1389   -4.478292   103710.0
    1390   -0.027913      800.0
    1391   -0.013542      390.0
    1392   -6.978014   177030.0
    1393   -3.150687    88940.0
    1394   -1.887896    50860.0
    1395   -0.088424     2520.0
    1396   -0.062670     1780.0
    1397    0.000000        0.0
    1398   -0.049174     1400.0
    1399    0.000000        0.0
    1400    0.000000        0.0
    1401  -13.272702   363790.0
    1402   -3.377222    94460.0
    1403   -4.675906   129200.0
    1404   -0.021441      600.0
    1405   -3.006802    84130.0
    1406    0.000000        0.0
    1407   -0.810764    23350.0
    1408   -0.003125       90.0
    1409   -3.472545    97670.0
    1410   -0.010729      300.0
    1411   -0.057122     1620.0
    1412   -1.260771    36210.0
    1413   -2.723583    77200.0
    1414    0.000000        0.0
    1415   -1.945295    55160.0
    1416   -0.005556      160.0
    1417   -3.540993    99940.0
    1418   -0.055455     1580.0
    1419   -0.006729      190.0
    1420   -0.007153      200.0
    1421    0.000000        0.0
    1422    0.000000        0.0
    1423  -10.727056   286410.0
    1424    0.000000        0.0
    1425    0.000000        0.0
    1426    0.000000        0.0
    1427    0.000000        0.0
    1428   -3.807986   105620.0
    1429   -0.163264     4580.0
    1430   -0.189743     5260.0
    1431  -20.261913   547350.0
    1432   -0.088365     2490.0
    1433   -0.087948     2500.0
    1434   -2.978847    83950.0
    1435   -3.180066    89110.0
    1436   -0.009875        0.0
    1437    0.000000        0.0
    1438    0.000000        0.0
    1439   -0.031771      910.0
    1440    0.000000        0.0
    1441  -10.155368   277370.0
    1442   -0.209462     1960.0
    1443  -52.102500  1328490.0
    1444   -0.066528        0.0
    1445   -0.001052       30.0
    1446   -0.100528     2830.0
    1447   -5.691715   125940.0
    1448   -0.156597     4330.0
    1449   -0.006250      180.0
    1450    0.000000        0.0
    1451    0.000000        0.0
    1452   -5.216347   143420.0
    1453   -3.253764    90550.0
    1454    0.000000        0.0
    1455   -4.275649   119350.0
    1456    0.000000        0.0
    1457   -3.980278   110260.0
    1458   -3.963007   110190.0
    1459   -0.006021      170.0
    1460   -0.056941     1620.0
    1461    0.000000        0.0
    1462   -0.041795     1190.0
    1463   -1.234010    35340.0
    1464    0.000000        0.0
    1465   -0.000965        0.0
    1466   -0.000493        0.0
    1467  -23.310819   557660.0
    1468   -0.078507     2160.0
    1469  -15.748809   403640.0
    1470   -0.000649        0.0
    1471   -0.030399      860.0
    1472   -0.091038     2550.0
    1473  -17.809455   450320.0
    1474  -17.193584   439080.0
    1475   -0.079545     2160.0
    1476   -0.009056      250.0
    1477   -0.143083     4000.0
    1478   -0.078969     2220.0
    1479   -0.082354     2340.0
    1480   -5.291448   147050.0
    1481  -48.789732  1302430.0
    1482    0.000000        0.0
    1483   -3.837906   108230.0
    1484   -0.052149     1240.0
    1485  -11.456528   309820.0
    1486   -0.364938     9930.0
    1487    0.000000        0.0
    1488  -10.158361   276970.0
    1489    0.000000        0.0
    1490   -6.954632   184090.0
    1491   -6.634389   181380.0
    1492    0.000000        0.0
    1493   -4.743799   133390.0
    1494   -0.001736       50.0
    1495   -0.000021        0.0
    1496   -4.919309   124140.0
    1497   -0.027701      790.0
    1498   -4.891625   119430.0
    1499    0.000000        0.0
    1500    0.000000        0.0
    1501   -0.089674     2540.0
    1502    0.000000        0.0
    1503   -0.089674     2540.0
    1504   -4.129979   115660.0
    1505    0.000000        0.0
    1506   -3.969559   111980.0
    1507   -4.290899   119370.0
    1508   -2.427653    69060.0
    1509   -3.434142    94130.0
    1510   -0.523101    13440.0
    1511   -0.389924    10190.0
    1512   -4.550417   124760.0
    1513  -19.143490   498820.0
    1514   -9.315497   246060.0
    1515  -51.778771  1246670.0
    1516    0.000000        0.0
    1517   -0.044781     1280.0
    1518   -2.915715    82720.0
    1519   -0.058760     1610.0
    1520   -0.211253        0.0
    1521   -0.006313      170.0
    1522   -0.012139      340.0
    1523   -0.008337      230.0
    1524   -0.010479      270.0
    1525    0.000000        0.0
    1526    0.000000        0.0
    1527   -5.867813   160360.0
    1528   -5.041410   138040.0
    1529   -3.036597    81940.0
    1530   -6.316243   176340.0
    1531    0.000000        0.0
    1532    0.000000        0.0
    1533   -4.993792   138510.0
    1534   -0.000021        0.0
    1535   -2.414191    68440.0
    1536  -16.875885   455140.0
    1537   -5.001462   139800.0
    1538    0.000000        0.0
    1539  -10.053816   260550.0
    1540    0.000000        0.0
    1541    0.000000        0.0
    1542    0.000000        0.0
    1543    0.000000        0.0
    1544    0.000000        0.0
    1545  -11.083468   291670.0
    1546   -0.081944     2360.0
    1547   -0.130392     2080.0
    1548   -0.079420     2230.0
    1549    0.000000        0.0
    1550    0.000000        0.0
    1551    0.000000        0.0
    1552    0.000000        0.0
    1553   -0.015924      440.0
    1554  -16.366427   419850.0
    1555   -0.001597        0.0
    1556   -0.127608     3500.0
    1557    0.000000        0.0
    1558   -4.374597   118120.0
    1559   -0.001417        0.0
    1560   -4.837479   130000.0
    1561   -0.040042     1140.0
    1562   -0.002427       60.0
    1563   -0.015396      440.0
    1564  -11.122667   297040.0
    1565   -3.213955    90230.0
    1566    0.000000        0.0
    1567    0.000000        0.0
    1568    0.000000        0.0
    1569   -6.026969   154650.0
    1570   -6.054868   165570.0
    1571   -0.052826      930.0
    1572    0.000000        0.0
    1573   -3.768851   103110.0
    1574    0.000000        0.0
    1575   -2.802927    77840.0
    1576    0.000000        0.0
    1577   -0.003316       80.0
    1578   -0.017101      490.0
    1579   -0.126264     3560.0
    1580   -0.068781     1950.0
    1581   -0.005233      150.0
    1582  -40.090212   947020.0
    1583    0.000000        0.0
    1584  -29.364180   701930.0
    1585   -0.101778     2580.0
    1586   -0.019944      540.0
    1587  -19.029503   493360.0
    1588   -0.000010        0.0
    1589   -0.048458     1380.0
    1590   -0.032958      940.0
    1591   -7.909983   219270.0
    1592  -45.867049  1222350.0
    1593   -0.155326     4330.0
    1594  -18.537938   481980.0
    1595   -0.002094       60.0
    1596    0.000000        0.0
    1597  -16.392052   435360.0
    1598  -19.615097   503710.0
    1599  -10.321604   275480.0
    1600  -21.282302   555870.0
    1601  -18.907149   489160.0
    1602    0.000000        0.0
    1603    0.000000        0.0
    1604    0.000000        0.0
    1605   -0.002372       60.0
    1606  -18.334486   442070.0
    1607   -0.045389     1120.0
    1608   -0.185451     5160.0
    1609    0.000000        0.0
    1610  -32.904906   802080.0
    1611  -28.323837   692700.0
    1612   -0.017000      480.0
    1613   -0.007222      130.0
    1614   -0.133031     3600.0
    1615   -0.003764       80.0
    1616   -0.333649     9150.0
    1617    0.000000        0.0
    1618   -4.070333   114690.0
    1619    0.000000        0.0
    1620   -0.305573     8430.0
    1621   -5.103462   126760.0
    1622    0.000000        0.0
    1623    0.000000        0.0
    1624    0.000000        0.0
    1625  -14.654035   383330.0
    1626   -0.005017       30.0
    1627  -75.785044  2083140.0
    1628   -0.077253     2160.0
    1629   -1.509917    43310.0
    1630   -0.033865      970.0
    1631   -2.492410    70090.0
    1632   -0.003215       90.0
    1633   -0.006250      180.0
    1634  -12.011618   339230.0
    1635   -6.417062   178140.0
    1636   -2.221090    63300.0
    1637    0.000000        0.0
    1638   -0.098493     2760.0
    1639    0.000000        0.0
    1640    0.000000        0.0
    1641    0.000000        0.0
    1642    0.000000        0.0
    1643    0.000000        0.0
    1644   -5.804319   153140.0
    1645   -0.024420      700.0
    1646   -3.458604    97150.0
    1647   -3.404833    95750.0
    1648   -5.733014   161120.0
    1649    0.000000        0.0
    1650   -0.316090     8340.0
    1651   -0.014938      430.0
    1652   -0.028049      800.0
    1653   -0.262472     7200.0
    1654   -0.000007        0.0
    1655   -0.153167     4260.0
    1656   -0.158101     4390.0
    1657   -0.013542      390.0
    1658  -35.944493   932210.0
    1659   -0.001438       40.0
    1660   -6.378611   173160.0
    1661   -0.000472        0.0
    1662   -0.016069      460.0
    1663   -0.107785     3060.0
    1664   -0.000181        0.0
    1665  -22.509538   582430.0
    1666  -14.886125   400950.0
    1667  -13.343611   354860.0
    1668   -0.000031        0.0
    1669  -15.965604   426300.0
    1670  -11.352195   308240.0
    1671    0.000000        0.0
    1672  -17.963646   478050.0
    1673   -0.159285     4350.0
    1674   -0.101052     2850.0
    1675   -1.817708    48240.0
    1676   -4.434979   124070.0
    1677   -3.017910    85400.0
    1678   -0.002104       60.0
    1679   -0.052816     1510.0
    1680   -0.010417      300.0
    1681   -0.002153        0.0
    1682   -0.067569     1700.0
    1683   -0.072976     2060.0
    1684  -17.883788   469000.0
    1685   -0.008712      250.0
    1686  -11.097462   291930.0
    1687   -5.751469   160330.0
    1688    0.000000        0.0
    1689   -0.041618     1140.0
    1690   -0.449052    12240.0
    1691  -17.958906   469170.0
    1692   -0.125844     3500.0
    1693   -5.924715   160900.0
    1694   -2.659823    74180.0
    1695    0.000000        0.0
    1696   -0.001288        0.0
    1697   -0.000368        0.0
    1698   -1.384608    11670.0
    1699  -30.965355   833460.0
    1700  -11.779715   327120.0
    1701   -1.150972    31010.0
    1702  -24.287413   681470.0
    1703   -0.007986      230.0
    1704   -8.814038   252270.0
    1705    0.000000        0.0
    1706   -0.020420        0.0
    1707   -0.023611      680.0
    1708  -47.047949  1298820.0
    1709   -0.297517      290.0
    1710  -70.324566  1747880.0
    1711   -0.097184     2750.0
    1712   -7.259764   201390.0
    1713   -0.048628     1380.0
    1714   -0.002917       80.0
    1715   -2.213840    62820.0
    1716   -0.534028    15380.0
    1717   -0.148781     4190.0
    1718   -1.979910    56380.0
    1719   -0.010417      300.0
    1720   -3.904201   110370.0
    1721   -3.137719    88850.0
    1722  -12.104875   340630.0
    1723   -2.677073    69200.0
    1724   -6.543875   173290.0
    1725   -6.074538   166580.0
    1726    0.000000        0.0
    1727    0.000000        0.0
    1728    0.000000        0.0
    1729   -3.118205    86490.0
    1730   -4.679090   129940.0
    1731   -0.006542        0.0
    1732   -0.283309     7630.0
    1733    0.000000        0.0
    1734    0.000000        0.0
    1735   -0.068111     1940.0
    1736   -4.185326   115110.0
    1737   -2.720736    60260.0
    1738   -0.363125     9650.0
    1739   -0.104559     2980.0
    1740   -3.596420   100130.0
    1741   -3.185628    90140.0
    1742   -0.106670     2400.0
    1743   -9.562257   250370.0
    1744  -10.439135   284100.0
    1745   -0.090372     2510.0
    1746   -9.267840   248000.0
    1747   -0.147208     4010.0
    1748   -1.309719    32740.0
    1749   -0.466736    12280.0
    1750   -0.014955      430.0
    1751   -2.148278    60010.0
    1752   -0.004878      140.0
    1753    0.000000        0.0
    1754   -0.001753       50.0
    1755  -10.514823   282100.0
    1756    0.000000        0.0
    1757    0.000000        0.0
    1758    0.000000        0.0
    1759    0.000000        0.0
    1760  -22.824055   579700.0
    1761  -25.085699   630790.0
    1762    0.000000        0.0
    1763   -9.743809   262620.0
    1764   -0.089451     2450.0
    1765   -0.000802        0.0
    1766  -10.601823   287440.0
    1767   -0.002889       80.0
    1768   -0.002917       80.0
    1769   -0.179500     5040.0
    1770   -0.002917       80.0
    1771   -8.960413   240580.0
    1772   -0.993111    27140.0
    1773   -0.122455     3240.0
    1774   -0.045226      780.0
    1775   -0.091115     2580.0
    1776   -0.010441      300.0
    1777   -0.007663      220.0
    1778    0.000000        0.0
    1779    0.000000        0.0
    1780   -0.751413      910.0
    1781  -19.033796   492660.0
    1782    0.000000        0.0
    1783   -2.235323    63870.0
    1784    0.000000        0.0
    1785    0.000000        0.0
    1786    0.000000        0.0
    1787   -1.213788    34580.0
    1788   -1.257392    36060.0
    1789   -0.010458      290.0
    1790   -0.096639     2740.0
    1791    0.000000        0.0
    1792  -21.809372   563100.0
    1793    0.000000        0.0
    1794    0.000000        0.0
    1795   -2.042792    57580.0
    1796   -6.588913   182600.0
    1797   -0.011167      320.0
    1798   -1.183444    33940.0
    1799   -2.720944    74360.0
    1800   -3.455389    91680.0
    1801   -1.626021    42870.0
    1802   -3.396594    94290.0
    1803   -4.543135   127360.0
    1804    0.000000        0.0
    1805   -0.020906      600.0
    1806   -0.007292      210.0
    1807   -0.020823      590.0
    1808   -0.087198     2480.0
    1809   -0.088062     2500.0
    1810   -0.062656     1780.0
    1811   -3.553965    84120.0
    1812   -0.046531     1270.0
    1813  -11.499434   306380.0
    1814   -0.020455      580.0
    1815   -7.662077   211600.0
    1816   -6.359292   176870.0
    1817    0.000000        0.0
    1818   -0.043146     1230.0
    1819   -0.236389     5480.0
    1820   -0.009979      280.0
    1821  -31.408049   762490.0
    1822   -0.645688    16310.0
    1823   -0.002500        0.0
    1824   -0.021580      610.0
    1825   -0.041431     1080.0
    1826   -0.046167     1260.0
    1827  -13.941114   378560.0
    1828    0.000000        0.0
    1829    0.000000        0.0
    1830    0.000000        0.0
    1831  -21.967285   573470.0
    1832   -0.000045        0.0
    1833  -30.643274   755460.0
    1834   -0.003538      100.0
    1835    0.000000        0.0
    1836    0.000000        0.0
    1837   -3.788604   105920.0
    1838    0.000000        0.0
    1839   -0.012924      360.0
    1840   -0.014219      400.0
    1841   -6.125858   168060.0
    1842   -0.179688     5080.0
    1843   -5.310528   147140.0
    1844    0.000000        0.0
    1845    0.000000        0.0
    1846  -11.137521   300740.0
    1847    0.000000        0.0
    1848   -1.649219    46410.0
    1849   -0.030368      870.0
    1850  -40.330639  1120390.0
    1851   -1.815344    51640.0
    1852   -1.644472    47000.0
    1853   -0.011826      340.0
    1854   -1.471892    42020.0
    1855   -0.033583      960.0
    1856    0.000000        0.0
    1857   -2.385347    66940.0
    1858   -0.000604        0.0
    1859    0.000000        0.0
    1860   -7.091031   196180.0
    1861  -26.372611   708240.0
    1862    0.000000        0.0
    1863    0.000000        0.0
    1864  -10.445139   284870.0
    1865    0.000000        0.0
    1866    0.000000        0.0
    1867   -3.153858    88120.0
    1868    0.000000        0.0
    1869    0.000000        0.0
    1870   -5.586059   153540.0
    1871    0.000000        0.0
    1872   -4.981396   140610.0
    1873    0.000000        0.0
    1874    0.000000        0.0
    1875   -0.000028        0.0
    1876   -0.119719     3360.0
    1877   -0.004299      100.0
    1878   -6.533726   171220.0
    1879  -19.025764   489550.0
    1880  -27.756757   705510.0
    1881  -34.277240   858410.0
    1882  -67.610925  1631040.0
    1883    0.000000        0.0
    1884   -0.051646     1470.0
    1885   -3.151003    87990.0
    1886   -0.007663      220.0
    1887    0.000000        0.0
    1888   -7.439788   208260.0
    1889    0.000000        0.0
    1890   -9.987896   272970.0
    1891    0.000000        0.0
    1892   -8.169746   224640.0
    1893    0.000000        0.0
    1894   -5.615503   156950.0
    1895   -0.225073     6150.0
    1896   -0.101503     2830.0
    1897   -0.010354      250.0
    1898   -0.027806      790.0
    1899   -0.021181      610.0
    1900   -0.207226     5850.0
    1901   -0.070899     2020.0
    1902   -0.072309     2060.0
    1903  -12.255583   332080.0
    1904   -0.131434     3660.0
    1905   -0.172455     4780.0
    1906   -0.145375     4020.0
    1907   -3.968875   109450.0
    1908   -5.746299   158110.0
    1909   -0.013319      380.0
    1910   -0.006313      180.0
    1911   -0.167958     4720.0
    1912   -0.000080        0.0
    1913    0.000000        0.0
    1914   -0.016052      460.0
    1915  -12.046705   317620.0
    1916   -0.070892     1980.0
    1917   -0.020969      580.0
    1918   -0.010514      300.0
    1919   -3.484615    98460.0
    1920   -0.030392      870.0
    1921   -0.132420     3760.0
    1922   -1.698944    48510.0
    1923   -0.042340      390.0
    1924   -3.825076   106140.0
    1925   -1.253101    35820.0
    1926   -0.028399      800.0
    1927  -10.090972   257800.0
    1928    0.000000        0.0
    1929  -58.365132  1633310.0
    1930  -12.350705   324960.0
    1931   -7.798993   210480.0
    1932   -5.955215   157920.0
    1933   -1.198257    32090.0
    1934   -0.058451     1620.0
    1935   -5.049344   141940.0
    1936   -6.736396   185910.0
    1937   -0.049174     1400.0
    1938   -0.049174     1400.0
    1939   -0.009073      260.0
    1940   -0.078024     2220.0
    1941   -0.098101     2790.0
    1942   -0.004514      130.0
    1943    0.000000        0.0
    1944   -0.032531      930.0
    1945   -0.007986      230.0
    1946   -3.097969    87930.0
    1947   -0.100528     2830.0
    1948   -0.015396      440.0
    1949  -11.757733   319980.0
    1950   -0.185132     5160.0
    1951   -5.415194   149900.0
    1952   -0.121639     3430.0
    1953  -10.828768   292300.0
    1954   -0.005319      120.0
    1955   -6.802208   189600.0
    1956   -5.317955   149210.0
    1957   -0.058576     1650.0
    1958   -0.015906      440.0
    1959   -0.001083       30.0
    1960   -0.100622     2830.0
    1961   -6.280240   172500.0
    1962   -0.077903     2160.0
    1963   -5.812865   156610.0
    1964    0.000000        0.0
    1965   -5.341872   144110.0
    1966    0.000000        0.0
    1967   -3.837708   107520.0
    1968   -0.070899     2020.0
    1969   -0.272726     7740.0
    1970    0.000000        0.0
    1971   -2.972753    84040.0
    1972   -7.012090   193670.0
    1973   -3.755729   105160.0
    1974    0.000000        0.0
    1975   -0.021806      270.0
    1976   -7.846871   214840.0
    1977   -0.037757      770.0
    1978   -5.113920   133440.0
    1979    0.000000        0.0
    1980    0.000000        0.0
    1981   -3.117542    87700.0
    1982   -2.330608    64630.0
    1983   -0.002038       30.0
    1984  -11.202597   305320.0
    1985   -7.524882   208350.0
    1986  -14.418656   380920.0
    1987   -0.046910     1330.0
    1988  -20.388951   520250.0
    1989   -0.160507     4330.0
    1990   -0.076587     2160.0
    1991   -0.086976     2470.0
    1992   -4.901833   136630.0
    1993   -0.021226      600.0
    1994   -0.025458      730.0
    1995   -0.054608     1540.0
    1996   -0.033292      950.0
    1997   -0.054285     1540.0
    1998   -2.473104    69470.0
    1999   -0.153743     4170.0
    2000   -0.033844      940.0
    2001   -0.200156     5540.0
    2002   -4.942552   135600.0
    2003   -0.015771      440.0
    2004   -0.101778     2830.0
    2005  -12.488885   332370.0
    2006   -0.077010     2160.0
    2007    0.000000        0.0
    2008    0.000000        0.0
    2009   -7.839562   213540.0
    2010    0.000000        0.0
    2011   -1.789021    50960.0
    2012    0.000000        0.0
    2013    0.000000        0.0
    2014    0.000000        0.0
    2015   -0.666285    17560.0
    2016  -10.034663   270110.0
    2017   -5.176632   143480.0
    2018   -0.331451     8890.0
    2019   -0.000010        0.0
    2020   -0.011781      300.0
    2021   -0.004694      130.0
    2022   -0.113635     3210.0
    2023   -0.026042      750.0
    2024    0.000000        0.0
    2025   -0.003125       90.0
    2026    0.000000        0.0
    2027   -0.045403     1270.0
    2028  -12.267677   326360.0
    2029   -0.097219     2690.0
    2030  -10.066403   268180.0
    2031   -0.010132      290.0
    2032   -0.075007     2110.0
    2033   -0.079382     2230.0
    2034   -0.027434      780.0
    2035    0.000000        0.0
    2036    0.000000        0.0
    2037    0.000000        0.0
    2038   -0.015170      180.0
    2039   -4.758913   132460.0
    2040   -0.032208      920.0
    2041   -0.187889     5300.0
    2042   -0.019729      560.0
    2043    0.000000        0.0
    2044   -9.986490   278950.0
    2045  -14.913632   394270.0
    2046   -7.034625   192620.0
    2047  -98.015853  2719040.0
    2048    0.000000        0.0
    2049   -0.002434        0.0
    2050    0.000000        0.0
    2051   -0.055562     1540.0
    2052  -10.498358   293820.0
    2053   -0.001167        0.0
    2054   -5.870462   157070.0
    2055    0.000000        0.0
    2056   -0.000552        0.0
    2057    0.000000        0.0
    2058   -0.003125       90.0
    2059   -0.003472      100.0
    2060   -3.707451   104170.0
    2061   -0.579167    16680.0
    2062   -0.029913      850.0
    2063   -9.794281   262110.0
    2064   -0.129726     3610.0
    2065   -2.413615    57730.0
    2066   -6.562285   176560.0
    2067    0.000000        0.0
    2068   -3.183476    87650.0
    2069    0.000000        0.0
    2070   -0.036111     1040.0
    2071   -0.046719     1320.0
    2072   -0.013726      390.0
    2073   -1.692281    48250.0
    2074   -3.212733    90290.0
    2075   -0.000076        0.0
    2076    0.000000        0.0
    2077    0.000000        0.0
    2078   -7.406434   205570.0
    2079   -5.103639   142170.0
    2080    0.000000        0.0
    2081  -21.444504   601340.0
    2082   -1.721156    47830.0
    2083  -14.853417   408140.0
    2084  -27.957938   768120.0
    2085   -9.395163   259380.0
    2086  -71.976876  1947380.0
    2087   -0.090670     2570.0
    2088    0.000000        0.0
    2089   -0.030017      860.0
    2090  -16.585351   429340.0
    2091  -35.850885   889280.0
    2092   -0.002639        0.0
    2093   -0.198170     3160.0
    2094   -0.010306      250.0
    2095   -9.924934   264850.0
    2096  -15.322035   375160.0
    2097   -0.000073        0.0
    2098    0.000000        0.0
    2099    0.000000        0.0
    2100   -1.274128    36230.0
    2101    0.000000        0.0
    2102    0.000000        0.0
    2103    0.000000        0.0
    2104   -6.756024   177810.0
    2105  -12.250122   320280.0
    2106   -0.005208      150.0
    2107   -1.185563    33950.0
    2108   -0.004885      140.0
    2109   -2.215132    60800.0
    2110    0.000000        0.0
    2111   -9.410524   252980.0
    2112    0.000000        0.0
    2113   -0.000340        0.0
    2114   -0.001042       30.0
    2115   -9.738861   266560.0
    2116   -9.856719   266040.0
    2117   -0.004194       60.0
    2118    0.000000        0.0
    2119    0.000000        0.0
    2120    0.000000        0.0
    2121   -2.053920    58390.0
    2122    0.000000        0.0
    2123    0.000000        0.0
    2124    0.000000        0.0
    2125    0.000000        0.0
    2126   -1.971094    56140.0
    2127   -5.512649   153810.0
    2128    0.000000        0.0
    2129   -6.911823   191100.0
    2130   -0.057378     1640.0
    2131   -2.645479    73950.0
    2132   -0.055969     1600.0
    2133   -0.000347       10.0
    2134   -4.446198   125020.0
    2135   -0.051646     1470.0
    2136    0.000000        0.0
    2137   -2.863024    79300.0
    2138   -0.122639     3460.0
    2139   -0.076535     2160.0
    2140   -0.001042       30.0
    2141   -7.604153   208240.0
    2142    0.000000        0.0
    2143   -0.049174     1400.0
    2144   -0.074313     2110.0
    2145   -0.049174     1400.0
    2146   -0.047115     1340.0
    2147    0.000000        0.0
    2148   -0.222302     6150.0
    2149   -0.017566      440.0
    2150   -0.001736       50.0
    2151   -9.553695   260720.0
    2152   -4.292087   120600.0
    2153   -8.319361   228820.0
    2154   -0.004250      120.0
    2155   -0.110792     3040.0
    2156   -0.080486     2270.0
    2157   -0.059153     1680.0
    2158   -0.010774      230.0
    2159    0.000000        0.0
    2160    0.000000        0.0
    2161    0.000000        0.0
    2162   -0.000167        0.0
    2163    0.000000        0.0
    2164   -0.113799     2090.0
    2165   -0.095938        0.0
    2166    0.000000        0.0
    2167   -2.740858    77350.0
    2168    0.000000        0.0
    2169    0.000000        0.0
    2170   -0.175010     4900.0
    2171   -0.041142     1160.0
    2172   -7.818760   215740.0
    2173   -0.008625      200.0
    2174   -0.005208      150.0
    2175   -0.032531      930.0
    2176   -0.002431       70.0
    2177   -0.043559     1240.0
    2178    0.000000        0.0
    2179   -2.768052    78260.0
    2180   -0.111913     3180.0
    2181    0.000000        0.0
    2182    0.000000        0.0
    2183   -4.344271   120460.0
    2184    0.000000        0.0
    2185    0.000000        0.0
    2186   -0.008042      230.0
    2187   -0.018128      470.0
    2188   -0.006851      190.0
    2189   -0.196885     5500.0
    2190  -21.893576   566180.0
    2191   -0.042580     1010.0
    2192  -18.946490   490840.0
    2193   -0.959056    24390.0
    2194    0.000000        0.0
    2195   -4.029035   113140.0
    2196   -0.099698     2820.0
    2197   -0.007986      230.0
    2198  -27.466937   694590.0
    2199    0.000000        0.0
    2200    0.000000        0.0
    2201  -21.387903   552770.0
    2202   -6.425243   178460.0
    2203   -0.769056    19680.0
    2204   -0.008007      210.0
    2205   -5.834361   159540.0
    2206    0.000000        0.0
    2207   -0.045573     1240.0
    2208   -0.086396     1900.0
    2209  -12.209000   322920.0
    2210   -0.068170     1950.0
    2211   -3.775122   106010.0
    2212   -0.027622      790.0
    2213   -0.015660      450.0
    2214   -0.542892    14400.0
    2215   -3.030371    84860.0
    2216   -0.447969    11900.0
    2217   -0.580812    14880.0
    2218    0.000000        0.0
    2219   -0.000347       10.0
    2220    0.000000        0.0
    2221    0.000000        0.0
    2222   -0.100587     2830.0
    2223  -14.562250   383250.0
    2224   -0.001063       30.0
    2225   -0.125906     3500.0
    2226   -0.031420      900.0
    2227   -3.474944    97570.0
    2228   -0.017472      500.0
    2229   -0.000090        0.0
    2230   -4.443965   123320.0
    2231  -41.348133  1145300.0
    2232    0.000000        0.0
    2233    0.000000        0.0
    2234   -0.030368      870.0
    2235    0.000000        0.0
    2236    0.000000        0.0
    2237    0.000000        0.0
    2238   -0.031726      900.0
    2239   -9.869073   260600.0
    2240   -0.003125       90.0
    2241  -13.410621   353800.0
    2242   -0.043146     1230.0
    2243    0.000000        0.0
    2244    0.000000        0.0
    2245    0.000000        0.0
    2246   -1.976042    47670.0
    2247    0.000000        0.0
    2248    0.000000        0.0
    2249   -0.003337       90.0
    2250   -0.257885     7140.0
    2251   -0.058233     1650.0
    2252   -0.040128     1140.0
    2253   -0.001042       30.0
    2254    0.000000        0.0
    2255    0.000000        0.0
    2256    0.000000        0.0
    2257    0.000000        0.0
    2258    0.000000        0.0
    2259    0.000000        0.0
    2260    0.000000        0.0
    2261   -0.073719     2100.0
    2262   -4.892330   136670.0
    2263   -0.000125        0.0
    2264   -0.013045      360.0
    2265   -0.054542     1540.0
    2266   -0.109306     3070.0
    2267   -0.083000     2280.0
    2268  -12.218288   340540.0
    2269   -0.022010      630.0
    2270  -35.906183   994330.0
    2271   -4.354812   120120.0
    2272    0.000000        0.0
    2273   -4.447497   123380.0
    2274   -0.029625      840.0
    2275   -0.006618      190.0
    2276   -0.006965      200.0
    2277   -0.063903     1820.0
    2278   -2.099253    59860.0
    2279    0.000000        0.0
    2280   -4.534031   127280.0
    2281   -1.768167    50360.0
    2282   -0.039319      600.0
    2283   -9.793021   260140.0
    2284    0.000000        0.0
    2285   -4.021462   109960.0
    2286   -7.010062   193540.0
    2287   -2.472781    69660.0
    2288   -3.990024   111750.0
    2289   -0.000198        0.0
    2290   -0.058365     1650.0
    2291   -0.156299     4330.0
    2292   -0.009003      250.0
    2293  -14.035316   383450.0
    2294    0.000000        0.0
    2295  -11.756247   319750.0
    2296    0.000000        0.0
    2297    0.000000        0.0
    2298   -3.029156    86170.0
    2299    0.000000        0.0
    2300   -0.092687     2630.0
    2301   -7.168347   198230.0
    2302   -0.021448      580.0
    2303   -0.066934     1850.0
    2304   -0.731427    19400.0
    2305  -17.949892   474910.0
    2306   -3.002615    83700.0
    2307   -0.115299     3240.0
    2308   -0.161622     4500.0
    2309   -4.357924   122690.0
    2310   -0.044826     1280.0
    2311   -0.000167        0.0
    2312   -2.341812    64620.0
    2313   -3.474927    98990.0
    2314   -0.006750      190.0
    2315  -13.429979   368020.0
    2316  -19.677559   545590.0
    2317   -6.707021   186400.0
    2318   -0.011125      320.0
    2319   -4.763917   132590.0
    2320   -0.022302      640.0
    2321   -1.776760    49880.0
    2322   -3.865646   109060.0
    2323   -0.000292        0.0
    2324   -0.577524    16230.0
    2325   -0.247819     6740.0
    2326   -0.672854    17860.0
    2327   -0.102642     2870.0
    2328   -5.122156   142170.0
    2329   -0.007292      210.0
    2330    0.000000        0.0
    2331    0.000000        0.0
    2332    0.000000        0.0
    2333    0.000000        0.0
    2334  -12.440316   331380.0
    2335  -11.725115   287450.0
    2336   -8.418500   225990.0
    2337   -0.057281     1630.0
    2338   -0.226615     5900.0
    2339   -0.377469    10200.0
    2340   -6.526156   177870.0
    2341   -0.133274     3690.0
    2342   -5.854764   162370.0
    2343  -21.007697   588230.0
    2344   -9.113670   246990.0
    2345   -5.006108   138450.0
    2346   -3.721181   104060.0
    2347   -6.007413   166980.0
    2348  -10.187864   276650.0
    2349    0.000000        0.0
    2350   -4.915090   135970.0
    2351   -0.185142     5160.0
    2352   -0.138069     3600.0
    2353   -0.228608     6330.0
    2354   -0.005233      150.0
    2355    0.000000        0.0
    2356   -0.009285        0.0
    2357   -0.015799      450.0
    2358    0.000000        0.0
    2359  -19.665649   511800.0
    2360  -16.484517   428310.0
    2361    0.000000        0.0
    2362   -0.000177        0.0
    2363   -0.000094        0.0
    2364   -5.642361   154850.0
    2365   -0.000042        0.0
    2366   -8.496573   231000.0
    2367   -4.369500   120680.0
    2368   -5.208615   144270.0
    2369   -0.037896     1080.0
    2370   -0.006250      180.0
    2371   -5.463309   150820.0
    2372   -1.340330    35380.0
    2373   -2.396976    60760.0
    2374    0.000000        0.0
    2375   -0.089674     2540.0
    2376   -0.000017        0.0
    2377    0.000000        0.0
    2378    0.000000        0.0
    2379    0.000000        0.0
    2380    0.000000        0.0
    2381    0.000000        0.0
    2382   -0.081250     2190.0
    2383  -16.157931   426480.0
    2384  -14.707458   391130.0
    2385   -0.149465     4100.0
    2386    0.000000        0.0
    2387  -12.509212   330940.0
    2388    0.000000        0.0
    2389  -23.353545   649560.0
    2390   -9.540420   267060.0
    2391   -0.008135        0.0
    2392  -15.918875   447260.0
    2393   -0.058861     1650.0
    2394    0.000000        0.0
    2395   -0.000670        0.0
    2396   -0.000729        0.0
    2397   -1.098000    30000.0
    2398    0.000000        0.0
    2399   -0.003212        0.0
    2400   -0.222795     6270.0
    2401    0.000000        0.0
    2402   -3.146250    87720.0
    2403   -2.213715    62060.0
    2404    0.000000        0.0
    2405   -6.580920   183320.0
    2406   -0.252101     7200.0
    2407   -4.020851   111840.0
    2408    0.000000        0.0
    2409   -0.093722     2640.0
    2410    0.000000        0.0
    2411    0.000000        0.0
    2412    0.000000        0.0
    2413   -0.043035     1230.0
    2414   -0.022691      650.0
    2415   -0.056726     1620.0
    2416   -0.020608      590.0
    2417    0.000000        0.0
    2418   -2.706670    75610.0
    2419   -0.537809    13660.0
    2420   -0.480146    12880.0
    2421   -0.153944     4360.0
    2422   -5.740476   159370.0
    2423   -1.148201    30660.0
    2424   -8.382611   229550.0
    2425   -4.058778   113290.0
    2426   -3.890431   108700.0
    2427    0.000000        0.0
    2428   -4.270729   120450.0
    2429    0.000000        0.0
    2430    0.000000        0.0
    2431   -2.579410    72590.0
    2432    0.000000        0.0
    2433   -2.965153    83780.0
    2434   -0.000694       20.0
    2435   -0.000694       20.0
    2436   -5.022313   138960.0
    2437    0.000000        0.0
    2438   -0.000312        0.0
    2439  -22.708611   611880.0
    2440   -0.577181    16520.0
    2441   -1.543396    44170.0
    2442   -4.703927   132280.0
    2443   -1.156368    33000.0
    2444    0.000000        0.0
    2445    0.000000        0.0
    2446    0.000000        0.0
    2447    0.000000        0.0
    2448    0.000000        0.0
    2449    0.000000        0.0
    2450    0.000000        0.0
    2451  -13.136184   355310.0
    2452   -3.922629   109710.0
    2453   -0.079233     2190.0
    2454   -0.222767     5950.0
    2455   -0.056042     1540.0
    2456   -0.241632     6530.0
    2457    0.000000        0.0
    2458    0.000000        0.0
    2459   -2.520913    71540.0
    2460    0.000000        0.0
    2461   -0.099698     2820.0
    2462   -0.074313     2110.0
    2463   -3.563514   100910.0
    2464   -6.914153   192980.0
    2465   -0.049226     1400.0
    2466   -0.000694       20.0
    2467   -5.512535   154600.0
    2468   -0.133663     3770.0
    2469    0.000000        0.0
    2470    0.000000        0.0
    2471  -31.051886   785740.0
    2472    0.000000        0.0
    2473   -8.447181   223070.0
    2474   -0.643448    18080.0
    2475   -0.124056     2980.0
    2476   -0.718781    18450.0
    2477   -2.842427    79800.0
    2478   -0.907448    24680.0
    2479   -0.114743     3240.0
    2480   -0.067042     1880.0
    2481   -7.241611   197850.0
    2482    0.000000        0.0
    2483    0.000000        0.0
    2484    0.000000        0.0
    2485   -4.454302   125110.0
    2486   -4.895555   136580.0
    2487   -6.216708   172050.0
    2488   -0.013247      380.0
    2489   -1.836410    51150.0
    2490    0.000000        0.0
    2491   -0.025312      690.0
    2492   -0.003153        0.0
    2493   -0.172441     4840.0
    2494   -0.000240        0.0
    2495   -4.174629   116710.0
    2496    0.000000        0.0
    2497   -5.260406   147220.0
    2498   -3.996681   112580.0
    2499   -4.698802   132390.0
    2500    0.000000        0.0
    2501  -20.059719   528170.0
    2502   -0.045188     1280.0
    2503   -0.151181     4200.0
    2504   -0.182059     4490.0
    2505    0.000000        0.0
    2506  -31.000906   758770.0
    2507  -42.395303   968760.0
    2508    0.000000        0.0
    2509   -6.839632   186600.0
    2510   -0.002833       80.0
    2511   -0.048458     1380.0
    2512   -7.435806   206150.0
    2513  -21.147420   534340.0
    2514   -0.497250    11800.0
    2515   -0.000104        0.0
    2516  -20.763580   535650.0
    2517   -0.045448     1300.0
    2518    0.000000        0.0
    2519   -0.046500     1330.0
    2520    0.000000        0.0
    2521   -0.123646     3390.0
    2522   -0.020917      580.0
    2523   -0.081049     2270.0
    2524   -9.376580   250120.0
    2525   -0.742618    19890.0
    2526   -0.156965     4370.0
    2527   -0.617267    16570.0
    2528   -0.666375    17090.0
    2529    0.000000        0.0
    2530   -0.005208      150.0
    2531   -0.026920      770.0
    2532    0.000000        0.0
    2533   -0.031750      880.0
    2534   -0.070111     1960.0
    2535   -2.815125    79180.0
    2536   -0.005556      160.0
    2537   -2.134021    57360.0
    2538   -0.088892     2530.0
    2539   -0.012677      360.0
    2540   -0.054042     1540.0
    2541    0.000000        0.0
    2542   -3.779340   104560.0
    2543   -3.689688   102110.0
    2544   -2.379128    67390.0
    2545   -0.126990     3500.0
    2546   -0.055153     1290.0
    2547   -0.040333     1140.0
    2548    0.000000        0.0
    2549    0.000000        0.0
    2550   -0.027083      780.0
    2551    0.000000        0.0
    2552   -4.930347   137630.0
    2553  -55.442020  1373310.0
    2554   -0.965958      480.0
    2555  -27.558632   764740.0
    2556  -31.015784   793100.0
    2557   -0.010069      290.0
    2558   -5.050288   141270.0
    2559    0.000000        0.0
    2560   -0.010674      290.0
    2561    0.000000        0.0
    2562    0.000000        0.0
    2563   -3.647688   101750.0
    2564   -3.236076    90210.0
    2565   -0.142597     3690.0
    2566   -1.114965    30640.0
    2567   -0.213094     5940.0
    2568   -1.963670    54990.0
    2569    0.000000        0.0
    2570    0.000000        0.0
    2571    0.000000        0.0
    2572    0.000000        0.0
    2573   -0.000052        0.0
    2574   -2.345788    66080.0
    2575    0.000000        0.0
    2576   -4.707844   128520.0
    2577  -20.774687   592270.0
    2578    0.000000        0.0
    2579    0.000000        0.0
    2580    0.000000        0.0
    2581   -2.935455    82330.0
    2582    0.000000        0.0
    2583    0.000000        0.0
    2584    0.000000        0.0
    2585   -0.062535     1780.0
    2586   -0.078285     2220.0
    2587   -0.057292     1620.0
    2588   -3.819257   106890.0
    2589   -0.104903     2310.0
    2590  -21.900903   553420.0
    2591  -20.004379   499980.0
    2592  -37.341566   849670.0
    2593   -6.846170   189670.0
    2594   -0.032531      930.0
    2595   -0.099826     2820.0
    2596   -5.367076   150410.0
    2597   -9.616500   252190.0
    2598   -1.455479    38280.0
    2599   -0.060184     1420.0
    2600   -7.243854   195070.0
    2601    0.000000        0.0
    2602    0.000000        0.0
    2603    0.000000        0.0
    2604    0.000000        0.0
    2605   -0.000042        0.0
    2606   -5.435656   152220.0
    2607   -5.493059   153620.0
    2608   -0.000021        0.0
    2609   -1.707719    48720.0
    2610   -0.038083     1090.0
    2611   -0.000708       20.0
    2612   -4.867826   135690.0
    2613   -0.562444    14880.0
    2614  -36.960969   919020.0
    2615  -21.078851   537720.0
    2616  -20.559077   531060.0
    2617   -0.100580     2830.0
    2618   -7.145361   195560.0
    2619   -8.797549   235300.0
    2620  -11.923479   320280.0
    2621   -0.000219        0.0
    2622   -0.008465      230.0
    2623    0.000000        0.0
    2624    0.000000        0.0
    2625   -2.954160    82570.0
    2626   -0.149410        0.0
    2627  -26.249014   717210.0
    2628   -6.395892   176040.0
    2629   -0.014028      400.0
    2630   -2.771472    78390.0
    2631   -3.175753    89420.0
    2632   -0.005556      160.0
    2633    0.000000        0.0
    2634    0.000000        0.0
    2635    0.000000        0.0
    2636   -0.478215    13480.0
    2637   -0.009073      260.0
    2638   -0.569038    16110.0
    2639   -0.004514      130.0
    2640    0.000000        0.0
    2641   -2.102760    55130.0
    2642   -0.127076     3360.0
    2643   -6.111458   166440.0
    2644   -0.500819    13740.0
    2645   -0.182069     4930.0
    2646   -6.998344   192780.0
    2647   -0.219861     6080.0
    2648   -0.033021      940.0
    2649  -60.292939  1626940.0
    2650   -0.126253     3520.0
    2651  -15.139205   398400.0
    2652   -0.039569     1120.0
    2653  -11.289958   299740.0
    2654  -18.289777   477540.0
    2655   -8.509885   234710.0
    2656   -0.001104       30.0
    2657    0.000000        0.0
    2658   -6.065236   160430.0
    2659    0.000000        0.0
    2660    0.000000        0.0
    2661   -7.497538   200660.0
    2662   -0.020826      570.0
    2663   -0.013597      360.0
    2664   -0.014785      390.0
    2665   -5.172691   140130.0
    2666    0.000000        0.0
    2667    0.000000        0.0
    2668    0.000000        0.0
    2669  -95.223813  2660830.0
    2670   -0.025913      740.0
    2671   -0.007035      200.0
    2672   -0.112191     3150.0
    2673   -0.043740     1250.0
    2674    0.000000        0.0
    2675   -0.137674     3900.0
    2676   -0.149399     4230.0
    2677   -5.846486   162030.0
    2678   -0.002181        0.0
    2679   -0.043243     1160.0
    2680   -0.040076     1120.0
    2681   -0.041941     1200.0
    2682   -0.005556      160.0
    2683   -1.328944    37610.0
    2684   -3.991340   112610.0
    2685    0.000000        0.0
    2686   -3.630854   101210.0
    2687    0.000000        0.0
    2688    0.000000        0.0
    2689    0.000000        0.0
    2690   -0.000049        0.0
    2691  -15.126893   402870.0
    2692   -0.001188        0.0
    2693    0.000000        0.0
    2694   -4.964055   136790.0
    2695   -2.993785    83360.0
    2696    0.000000        0.0
    2697   -0.254288     7100.0
    2698   -5.558066   155940.0
    2699    0.000000        0.0
    2700   -0.133708     3770.0
    2701   -2.653125    75370.0
    2702    0.000000        0.0
    2703   -4.039882   111900.0
    2704   -1.860726    52920.0
    2705   -2.789066    78800.0
    2706   -1.036701    29600.0
    2707   -0.005556      160.0
    2708   -2.558969    72270.0
    2709    0.000000        0.0
    2710    0.000000        0.0
    2711    0.000000        0.0
    2712    0.000000        0.0
    2713   -6.666868   183440.0
    2714   -8.955611   243420.0
    2715   -0.027976      790.0
    2716   -5.386809   149430.0
    2717   -0.207917     5800.0
    2718   -3.598972   100410.0
    2719   -7.707816   211730.0
    2720   -0.018809      510.0
    2721    0.000000        0.0
    2722   -0.022330      640.0
    2723   -0.875809    25000.0
    2724   -3.393830    96070.0
    2725   -5.448396   151790.0
    2726   -8.283292   228590.0
    2727   -7.565813   209110.0
    2728   -0.133663     3770.0
    2729   -7.316368   197140.0
    2730    0.000000        0.0
    2731   -8.256806   214220.0
    2732    0.000000        0.0
    2733    0.000000        0.0
    2734    0.000000        0.0
    2735    0.000000        0.0
    2736    0.000000        0.0
    2737   -0.008226      230.0
    2738   -0.008090      230.0
    2739   -0.069222     1970.0
    2740   -0.073205     2090.0
    2741   -0.006139      170.0
    2742   -0.093840     2650.0
    2743   -0.001736       50.0
    2744   -0.033576      940.0
    2745   -0.004486       80.0
    2746   -0.101434     2850.0
    2747   -0.102681     2880.0
    2748   -0.077760     2200.0
    2749   -7.070851   194660.0
    2750   -0.063403     1800.0
    2751   -0.125083     3520.0
    2752    0.000000        0.0
    2753    0.000000        0.0
    2754    0.000000        0.0
    2755   -2.752052    77260.0
    2756   -1.689115    48150.0
    2757   -0.043146     1230.0
    2758   -7.092042   195340.0
    2759    0.000000        0.0
    2760   -4.092320   114570.0
    2761   -0.763483    19600.0
    2762   -0.206073     5720.0
    2763   -0.186667     5260.0
    2764   -0.986382    26730.0
    2765   -0.932524    24600.0
    2766    0.000000        0.0
    2767   -0.672073    17780.0
    2768   -0.001729        0.0
    2769  -11.035573   293260.0
    2770    0.000000        0.0
    2771    0.000000        0.0
    2772    0.000000        0.0
    2773   -2.639698    73280.0
    2774   -3.237656    89860.0
    2775   -0.077531     2170.0
    2776   -0.002503       70.0
    2777    0.000000        0.0
    2778    0.000000        0.0
    2779  -19.041854   489670.0
    2780    0.000000        0.0
    2781    0.000000        0.0
    2782   -6.080514   164210.0
    2783    0.000000        0.0
    2784  -11.448184   302050.0
    2785    0.000000        0.0
    2786   -1.541139    44190.0
    2787    0.000000        0.0
    2788    0.000000        0.0
    2789   -0.072309     2060.0
    2790    0.000000        0.0
    2791   -0.010417      300.0
    2792   -1.343007    38470.0
    2793   -0.694222    17070.0
    2794   -4.870101   135930.0
    2795   -3.734087   100800.0
    2796   -0.349958     8310.0
    2797  -11.938892   330710.0
    2798    0.000000        0.0
    2799    0.000000        0.0
    2800    0.000000        0.0
    2801    0.000000        0.0
    2802   -8.915073   239420.0
    2803   -0.001385       30.0
    2804   -0.001135       30.0
    2805    0.000000        0.0
    2806    0.000000        0.0
    2807    0.000000        0.0
    2808    0.000000        0.0
    2809   -2.616986    74150.0
    2810   -4.971889   139360.0
    2811   -1.608667    45840.0
    2812   -5.096781   138270.0
    2813   -0.001736       50.0
    2814    0.000000        0.0
    2815   -0.061594     1320.0
    2816    0.000000        0.0
    2817   -0.023097      630.0
    2818  -44.377093  1212100.0
    2819   -7.250924   200470.0
    2820   -0.121385     3430.0
    2821    0.000000        0.0
    2822    0.000000        0.0
    2823   -7.047695   184850.0
    2824   -5.489573   150760.0
    2825  -27.995513   777830.0
    2826    0.000000        0.0
    2827   -0.024500      700.0
    2828   -0.013944      400.0
    2829   -0.187250     5190.0
    2830   -0.078479     2220.0
    2831  -10.100708   269670.0
    2832   -0.005208      150.0
    2833   -0.837309    21270.0
    2834   -8.688910   234590.0
    2835   -0.787181    22020.0
    2836   -1.007806    27040.0
    2837   -0.059847     1680.0
    2838   -0.097778     2760.0
    2839   -0.096375     2720.0
    2840   -9.258306   249780.0
    2841    0.000000        0.0
    2842  -33.908466   818940.0
    2843   -0.175785     3050.0
    2844   -0.003354        0.0
    2845    0.000000        0.0
    2846    0.000000        0.0
    2847    0.000000        0.0
    2848   -6.649236   180140.0
    2849   -0.121444     3390.0
    2850   -0.107861     3040.0
    2851  -11.142805   297870.0
    2852   -0.030819      880.0
    2853   -0.126264     3560.0
    2854   -0.048458     1380.0
    2855   -0.017101      490.0
    2856   -0.002944       80.0
    2857   -0.663569    19100.0
    2858   -0.005181      120.0
    2859  -15.238347   416930.0
    2860   -0.007181      200.0
    2861   -4.873594   136250.0
    2862   -0.007292      210.0
    2863   -1.048656    28400.0
    2864   -0.957760    25040.0
    2865   -0.009160      260.0
    2866    0.000000        0.0
    2867    0.000000        0.0
    2868   -0.022653      650.0
    2869    0.000000        0.0
    2870    0.000000        0.0
    2871    0.000000        0.0
    2872   -0.011111      320.0
    2873   -0.045097     1280.0
    2874   -0.176340     4980.0
    2875   -0.070896     2000.0
    2876   -3.767899   105690.0
    2877  -19.578100   510390.0
    2878   -0.254510     6540.0
    2879   -0.002705       60.0
    2880  -15.015576   397470.0
    2881   -0.000042        0.0
    2882   -0.037948     1080.0
    2883   -0.034740      960.0
    2884   -0.000021        0.0
    2885   -3.184101    89760.0
    2886   -2.037316    58310.0
    2887   -0.052035     1480.0
    2888   -0.123243     3490.0
    2889    0.000000        0.0
    2890    0.000000        0.0
    2891    0.000000        0.0
    2892    0.000000        0.0
    2893    0.000000        0.0
    2894   -3.794972   103770.0
    2895   -7.420267   203270.0
    2896    0.000000        0.0
    2897  -12.980830   346530.0
    2898    0.000000        0.0
    2899  -14.788753   372090.0
    2900   -1.554226    42660.0
    2901    0.000000        0.0
    2902   -0.003115       70.0
    2903    0.000000        0.0
    2904  -17.584042   447780.0
    2905   -0.009799      280.0
    2906  -23.897437   578860.0
    2907  -28.710840   681240.0
    2908    0.000000        0.0
    2909   -0.078288     2160.0
    2910  -23.917389   605100.0
    2911   -3.369087    83670.0
    2912  -11.069997   297930.0
    2913   -0.013944      400.0
    2914  -11.066861   300470.0
    2915    0.000000        0.0
    2916   -0.013944      400.0
    2917   -4.811139   132720.0
    2918   -0.541972    14480.0
    2919   -0.033667      960.0
    2920   -0.001521        0.0
    2921    0.000000        0.0
    2922  -32.364459   798090.0
    2923   -0.952479    21970.0
    2924    0.000000        0.0
    2925   -8.108295   207570.0
    2926    0.000000        0.0
    2927   -0.169049        0.0
    2928   -0.000003        0.0
    2929    0.000000        0.0
    2930   -4.004424   110810.0
    2931    0.000000        0.0
    2932  -11.974441   330170.0
    2933    0.000000        0.0
    2934   -3.433847    96480.0
    2935    0.000000        0.0
    2936   -2.413830    68380.0
    2937   -1.924517    54770.0
    2938    0.000000        0.0
    2939    0.000000        0.0
    2940    0.000000        0.0
    2941   -7.737778   207580.0
    2942   -0.000281        0.0
    2943    0.000000        0.0
    2944    0.000000        0.0
    2945   -0.144542     4080.0
    2946   -0.000375        0.0
    2947    0.000000        0.0
    2948   -0.000042        0.0
    2949    0.000000        0.0
    2950  -51.309114  1449730.0
    2951   -0.006250      180.0
    2952   -0.021035      600.0
    2953   -0.000347       10.0
    2954   -1.521719    41300.0
    2955   -2.000569    56360.0
    2956   -3.761069   104800.0
    2957   -8.867458   243920.0
    2958   -0.017101      490.0
    2959   -0.006153      170.0
    2960   -6.084764   169920.0
    2961    0.000000        0.0
    2962    0.000000        0.0
    2963    0.000000        0.0
    2964    0.000000        0.0
    2965   -0.182191     5150.0
    2966   -0.033191      940.0
    2967   -0.013694      380.0
    2968   -0.006500      180.0
    2969    0.000000        0.0
    2970   -6.358646   175240.0
    2971   -6.845083   185520.0
    2972   -6.050469   162160.0
    2973   -4.426955   124800.0
    2974    0.000000        0.0
    2975    0.000000        0.0
    2976   -4.641222   128740.0
    2977    0.000000        0.0
    2978    0.000000        0.0
    2979    0.000000        0.0
    2980    0.000000        0.0
    2981   -0.007691      220.0
    2982    0.000000        0.0
    2983    0.000000        0.0
    2984    0.000000        0.0
    2985   -0.015969      440.0
    2986   -8.926045   238000.0
    2987   -0.060535     1650.0
    2988   -0.058361     1650.0
    2989    0.000000        0.0
    2990    0.000000        0.0
    2991   -0.025160      720.0
    2992    0.000000        0.0
    2993    0.000000        0.0
    2994   -0.002708        0.0
    2995    0.000000        0.0
    2996  -33.862770   848260.0
    2997   -2.273590    64800.0
    2998    0.000000        0.0
    2999   -5.403385   149870.0
    3000    0.000000        0.0
    3001   -0.005556      160.0
    3002   -0.005556      160.0
    3003   -4.172510   116500.0
    3004   -0.051410     1470.0
    3005   -3.997812   112450.0
    3006    0.000000        0.0
    3007    0.000000        0.0
    3008    0.000000        0.0
    3009    0.000000        0.0
    3010    0.000000        0.0
    3011    0.000000        0.0
    3012    0.000000        0.0
    3013  -10.035479   268900.0
    3014   -0.000889       20.0
    3015   -0.010000      280.0
    3016  -10.002045   275660.0
    3017   -0.034306      920.0
    3018   -0.019517      560.0
    3019   -0.279205     7440.0
    3020   -0.083528     1880.0
    3021   -6.247219   173600.0
    3022   -3.901712   108970.0
    3023   -6.764781   190180.0
    3024   -0.052080     1490.0
    3025   -2.037135    57900.0
    3026    0.000000        0.0
    3027   -2.912729    81940.0
    3028    0.000000        0.0
    3029   -9.268024   250590.0
    3030   -6.482076   175980.0
    3031   -1.093608    29800.0
    3032   -0.233215     6560.0
    3033    0.000000        0.0
    3034   -0.006042       70.0
    3035   -0.294149     7920.0
    3036   -0.133128     3600.0
    3037   -0.320625     8580.0
    3038   -1.297663    32500.0
    3039   -0.183990     4990.0
    3040   -2.850604    69870.0
    3041   -0.061344     1720.0
    3042   -0.000358       10.0
    3043    0.000000        0.0
    3044   -0.085917     2400.0
    3045    0.000000        0.0
    3046    0.000000        0.0
    3047   -0.010069      290.0
    3048  -24.764118   700050.0
    3049   -0.012743      360.0
    3050   -1.527854    43130.0
    3051   -0.014021      400.0
    3052   -3.647382   102990.0
    3053   -7.270806   200300.0
    3054    0.000000        0.0
    3055   -0.078344     2220.0
    3056   -0.086646     2450.0
    3057   -0.005208      150.0
    3058   -0.381201    10580.0
    3059   -0.004885      140.0
    3060   -0.318340     5110.0
    3061    0.000000        0.0
    3062    0.000000        0.0
    3063  -12.837802   353220.0
    3064    0.000000        0.0
    3065    0.000000        0.0
    3066    0.000000        0.0
    3067    0.000000        0.0
    3068    0.000000        0.0
    3069   -1.235316    34000.0
    3070  -11.085100   299490.0
    3071   -1.547580    41700.0
    3072   -1.341653    35740.0
    3073   -2.118215    60230.0
    3074   -0.026601      760.0
    3075   -3.485694    98300.0
    3076   -1.150910    32750.0
    3077    0.000000        0.0
    3078    0.000000        0.0
    3079   -4.884774   133650.0
    3080    0.000000        0.0
    3081   -0.005611      160.0
    3082   -1.364621    38740.0
    3083   -0.120767     3430.0
    3084   -0.005611      160.0
    3085    0.000000        0.0
    3086  -35.228695   811800.0
    3087   -0.000271        0.0
    3088    0.000000        0.0
    3089   -0.017580      500.0
    3090   -0.099872     2840.0
    3091   -0.080472     2290.0
    3092   -5.622219   157020.0
    3093    0.000000        0.0
    3094    0.000000        0.0
    3095   -0.022330      640.0
    3096    0.000000        0.0
    3097    0.000000        0.0
    3098    0.000000        0.0
    3099    0.000000        0.0
    3100    0.000000        0.0
    3101   -8.752750   239530.0