 episode  sum_reward  tardiness
       1   -4.939705   136960.0
       2   -5.054458   139500.0
       3   -4.802101   132500.0
       4   -4.667576   129610.0
       5   -4.855587   134150.0
       6   -4.963948   137420.0
       7   -5.549701   153250.0
       8   -5.020681   139110.0
       9   -4.948663   136790.0
      10   -4.196097   115930.0
      11   -5.669424   156130.0
      12   -5.358024   147820.0
      13   -4.722983   130980.0
      14   -4.789292   132300.0
      15   -4.582813   126540.0
      16   -5.042486   139130.0
      17   -5.066934   140210.0
      18   -4.839368   133590.0
      19   -4.857753   134330.0
      20   -4.715753   130670.0
      21   -4.858153   134110.0
      22   -4.875754   134540.0
      23   -4.850240   133690.0
      24   -4.934233   136340.0
      25   -5.435486   150160.0
      26   -4.771111   131760.0
      27   -5.016698   138850.0
      28   -4.259160   117750.0
      29   -4.347875   119550.0
      30   -5.077726   140530.0
      31   -5.084229   140270.0
      32   -5.043354   139450.0
      33   -5.261076   145280.0
      34   -5.126656   141460.0
      35   -4.949076   137410.0
      36   -5.322938   146910.0
      37   -5.579643   154110.0
      38   -4.637403   128540.0
      39   -5.280302   145450.0
      40   -5.608625   154800.0
      41   -5.452055   150500.0
      42   -4.638871   127520.0
      43   -4.931566   136450.0
      44   -4.882955   135190.0
      45   -5.131181   141630.0
      46   -5.581017   153210.0
      47   -5.434847   150040.0
      48   -5.078785   140850.0
      49   -5.367378   147830.0
      50   -4.649997   129000.0
      51   -5.555562   153580.0
      52   -4.992681   138170.0
      53   -4.493149   124360.0
      54   -5.379649   148950.0
      55   -5.042160   138680.0
      56   -5.223674   144310.0
      57   -4.855649   134570.0
      58   -4.830271   133780.0
      59   -5.057267   139690.0
      60   -5.571163   153940.0
      61   -4.804028   132550.0
      62   -5.063441   140190.0
      63   -4.926670   135970.0
      64   -5.066667   140140.0
      65   -5.409955   148750.0
      66   -4.974618   137350.0
      67   -5.129552   142030.0
      68   -5.749719   158630.0
      69   -5.182260   143180.0
      70   -5.126673   141410.0
      71   -5.310708   146520.0
      72   -4.978257   137730.0
      73   -5.024184   139280.0
      74   -4.404896   121900.0
      75   -5.162073   142870.0
      76   -5.609115   154440.0
      77   -5.114295   141050.0
      78   -5.420754   149780.0
      79   -5.103674   141130.0
      80   -5.118785   141630.0
      81   -5.193368   143670.0
      82   -5.246687   144920.0
      83   -5.571187   153650.0
      84   -5.256882   145180.0
      85   -5.107187   140460.0
      86   -5.396635   148770.0
      87   -5.316080   146700.0
      88   -5.190642   143810.0
      89   -4.759649   131340.0
      90   -5.737719   158390.0
      91   -4.621375   127650.0
      92   -5.354639   147620.0
      93   -5.266896   144940.0
      94   -5.280646   145820.0
      95   -4.923379   136110.0
      96   -4.756108   131820.0
      97   -5.186066   143670.0
      98   -5.663177   156360.0
      99   -5.296587   146410.0
     100   -5.273184   145300.0
     101   -4.898462   135690.0
     102   -4.804882   133310.0
     103   -5.079622   140210.0
     104   -5.120406   142050.0
     105   -5.068076   140320.0
     106   -4.745767   130960.0
     107   -4.922722   136380.0
     108   -5.169417   142610.0
     109   -4.969628   137790.0
     110   -4.749583   131120.0
     111   -4.565569   126780.0
     112   -4.849024   134820.0
     113   -4.449958   122550.0
     114   -4.662014   129320.0
     115   -5.208753   144050.0
     116   -5.186955   143710.0
     117   -4.959448   136460.0
     118   -5.060167   139670.0
     119   -5.717771   157130.0
     120   -4.916451   136390.0
     121   -5.139295   141720.0
     122   -4.924045   136090.0
     123   -4.466375   122930.0
     124   -5.320476   147310.0
     125   -5.046274   139420.0
     126   -5.152382   141800.0
     127   -5.023174   139270.0
     128   -4.729875   131300.0
     129   -5.207708   143680.0
     130   -4.712792   129920.0
     131   -5.853198   161490.0
     132   -5.645847   155690.0
     133   -4.869604   134400.0
     134   -5.028774   138540.0
     135   -5.260597   145130.0
     136   -4.714580   130800.0
     137   -4.922142   136330.0
     138   -5.061521   140170.0
     139   -5.004979   138050.0
     140   -5.163677   142830.0
     141   -5.001726   138300.0
     142   -4.813733   133220.0
     143   -4.728781   131350.0
     144   -4.933729   136670.0
     145   -4.967656   137490.0
     146   -4.895948   135710.0
     147   -4.799663   132840.0
     148   -4.612007   128110.0
     149   -4.666306   129510.0
     150   -4.874010   135280.0
     151   -4.836677   134240.0
     152   -4.737056   131570.0
     153   -4.649761   129120.0
     154   -4.799920   133070.0
     155   -4.921667   136390.0
     156   -4.732635   131450.0
     157   -4.746510   131620.0
     158   -4.761503   132190.0
     159   -4.980889   138370.0
     160   -4.868253   135120.0
     161   -4.760198   132030.0
     162   -4.694549   130440.0
     163   -4.852253   134260.0
     164   -4.533670   125460.0
     165   -4.940382   136880.0
     166   -4.898292   135570.0
     167   -4.646396   128880.0
     168   -4.528069   125860.0
     169   -4.736712   131470.0
     170   -4.765885   131740.0
     171   -4.934410   136330.0
     172   -4.624535   128320.0
     173   -4.920625   136300.0
     174   -4.591611   127610.0
     175   -4.794521   132880.0
     176   -4.541111   125800.0
     177   -4.944229   136630.0
     178   -4.549854   125940.0
     179   -4.771871   132250.0
     180   -4.761476   132160.0
     181   -4.775958   132380.0
     182   -4.712795   130760.0
     183   -5.067326   140410.0
     184   -4.906472   135950.0
     185   -4.761507   131920.0
     186   -4.545944   125940.0
     187   -4.628882   128540.0
     188   -4.989903   138380.0
     189   -4.695042   130440.0
     190   -4.677288   129740.0
     191   -4.607646   128010.0
     192   -4.945118   136100.0
     193   -4.679559   129800.0
     194   -4.729316   131280.0
     195   -4.956962   137400.0
     196   -5.560486   153240.0
     197   -4.674194   129370.0
     198   -4.740115   131510.0
     199   -5.104802   141110.0
     200   -4.814389   133010.0
     201   -0.085403     2420.0
     202   -2.027378    57560.0
     203   -0.028972      830.0
     204   -0.000851       20.0
     205   -1.988146    56440.0
     206    0.000000        0.0
     207   -2.020503    57070.0
     208   -1.940847    54970.0
     209   -3.723358   104300.0
     210   -1.719788    48780.0
     211    0.000000        0.0
     212   -0.030024      860.0
     213   -4.738153   131260.0
     214   -4.715219   130920.0
     215    0.000000        0.0
     216   -0.085538     2420.0
     217   -3.776684   105570.0
     218    0.000000        0.0
     219   -4.785663   132810.0
     220    0.000000        0.0
     221   -0.085538     2420.0
     222   -3.684368   103110.0
     223   -0.028972      830.0
     224   -0.084997     2420.0
     225   -4.767226   132370.0
     226   -0.029111      830.0
     227    0.000000        0.0
     228    0.000000        0.0
     229    0.000000        0.0
     230   -4.795122   132810.0
     231    0.000000        0.0
     232   -0.029111      830.0
     233   -0.084997     2420.0
     234   -4.777406   132530.0
     235    0.000000        0.0
     236    0.000000        0.0
     237    0.000000        0.0
     238   -0.029111      830.0
     239    0.000000        0.0
     240   -0.084997     2420.0
     241   -0.084997     2420.0
     242   -4.853823   134300.0
     243   -5.087903   140590.0
     244   -5.004528   138750.0
     245   -4.980424   137940.0
     246   -5.238726   144950.0
     247   -0.029250      830.0
     248   -0.029111      830.0
     249   -1.921844    54340.0
     250    0.000000        0.0
     251   -0.085403     2420.0
     252   -3.710410   103760.0
     253   -5.264340   145380.0
     254   -3.585049   100690.0
     255   -5.132816   142060.0
     256   -2.361038    66820.0
     257   -0.084997     2420.0
     258    0.000000        0.0
     259   -4.708441   130630.0
     260   -5.310490   146500.0
     261    0.000000        0.0
     262   -4.675903   129690.0
     263   -3.861632   107890.0
     264   -0.029250      830.0
     265   -0.084997     2420.0
     266   -0.084997     2420.0
     267   -0.028972      830.0
     268   -5.549910   152990.0
     269   -5.212559   143910.0
     270   -0.084997     2420.0
     271   -2.065990    58380.0
     272   -0.029111      830.0
     273   -0.029111      830.0
     274    0.000000        0.0
     275    0.000000        0.0
     276   -0.085538     2420.0
     277   -2.022760    57140.0
     278   -0.084997     2420.0
     279    0.000000        0.0
     280   -0.084997     2420.0
     281   -0.085538     2420.0
     282   -3.365066    94250.0
     283   -2.156802    61220.0
     284    0.000000        0.0
     285   -0.029111      830.0
     286   -0.029111      830.0
     287   -0.085403     2420.0
     288   -0.084997     2420.0
     289   -4.948833   136930.0
     290    0.000000        0.0
     291   -0.029111      830.0
     292   -3.483642    97770.0
     293   -0.084997     2420.0
     294   -2.145753    60750.0
     295   -0.085538     2420.0
     296   -0.085538     2420.0
     297   -0.028972      830.0
     298   -2.294684    65020.0
     299   -0.084997     2420.0
     300    0.000000        0.0
     301    0.000000        0.0
     302   -0.029111      830.0
     303   -4.938639   136490.0
     304   -4.976733   137780.0
     305   -4.964910   137680.0
     306   -5.041142   139530.0
     307   -0.085538     2420.0
     308   -0.029250      830.0
     309   -3.639299   102190.0
     310    0.000000        0.0
     311   -3.970323   110970.0
     312   -5.391441   148850.0
     313   -0.084997     2420.0
     314   -1.969219    55600.0
     315   -0.084997     2420.0
     316   -0.085538     2420.0
     317   -5.260080   145430.0
     318   -0.029111      830.0
     319   -1.671472    47090.0
     320   -0.085538     2420.0
     321   -0.084997     2420.0
     322    0.000000        0.0
     323   -4.032903   112780.0
     324   -3.920628   109670.0
     325   -0.029111      830.0
     326    0.000000        0.0
     327   -5.229569   144360.0
     328   -0.084997     2420.0
     329   -2.248441    63710.0
     330    0.000000        0.0
     331   -5.657740   156240.0
     332   -0.085538     2420.0
     333   -2.430208    68920.0
     334    0.000000        0.0
     335    0.000000        0.0
     336   -0.029111      830.0
     337    0.000000        0.0
     338   -2.017288    56930.0
     339   -4.033753   112750.0
     340    0.000000        0.0
     341   -2.305302    65280.0
     342   -0.085538     2420.0
     343   -0.029111      830.0
     344   -0.029111      830.0
     345   -2.268934    64430.0
     346   -3.899878   109010.0
     347    0.000000        0.0
     348    0.000000        0.0
     349   -0.029250      830.0
     350   -4.029208   112620.0
     351    0.000000        0.0
     352   -3.477858    97460.0
     353   -3.502427    98190.0
     354   -3.678872   103180.0
     355   -0.029111      830.0
     356   -0.085403     2420.0
     357   -4.697649   130390.0
     358   -3.726990   104390.0
     359   -0.085538     2420.0
     360   -0.029111      830.0
     361    0.000000        0.0
     362   -0.084997     2420.0
     363    0.000000        0.0
     364    0.000000        0.0
     365   -4.690215   130160.0
     366    0.000000        0.0
     367   -0.029111      830.0
     368   -0.085538     2420.0
     369    0.000000        0.0
     370    0.000000        0.0
     371   -3.706260   103870.0
     372   -4.678431   129740.0
     373   -4.879427   135030.0
     374   -1.697201    48170.0
     375   -1.698712    48170.0
     376   -1.690528    47940.0
     377    0.000000        0.0
     378   -1.839302    51950.0
     379   -4.503396   124740.0
     380   -0.085538     2420.0
     381    0.000000        0.0
     382   -0.084997     2420.0
     383   -0.084997     2420.0
     384   -0.029111      830.0
     385   -4.753219   131970.0
     386   -2.288313    64690.0
     387    0.000000        0.0
     388   -0.029250      830.0
     389   -0.085403     2420.0
     390   -0.085403     2420.0
     391   -0.084997     2420.0
     392   -3.852872   107820.0
     393   -1.759510    49830.0
     394   -0.085403     2420.0
     395   -2.014000    57180.0
     396   -0.085538     2420.0
     397   -3.773854   105730.0
     398   -0.084997     2420.0
     399    0.000000        0.0
     400   -3.877073   108310.0
     401   -3.829250   106940.0
     402   -3.842858   107320.0
     403    0.000000        0.0
     404   -3.829250   106940.0
     405   -4.738767   131470.0
     406   -1.729031    49040.0
     407    0.000000        0.0
     408   -4.782222   132640.0
     409    0.000000        0.0
     410    0.000000        0.0
     411   -0.084997     2420.0
     412    0.000000        0.0
     413   -3.712601   103980.0
     414   -3.848542   107550.0
     415   -0.084997     2420.0
     416   -1.884264    53450.0
     417   -1.970722    55940.0
     418   -1.896378    53840.0
     419   -3.699490   103440.0
     420    0.000000        0.0
     421   -5.254344   144910.0
     422   -0.084997     2420.0
     423    0.000000        0.0
     424   -3.957316   110760.0
     425   -0.084997     2420.0
     426   -0.085538     2420.0
     427    0.000000        0.0
     428   -2.132424    60370.0
     429    0.000000        0.0
     430    0.000000        0.0
     431    0.000000        0.0
     432   -0.084997     2420.0
     433   -4.937451   137130.0
     434   -4.582125   126610.0
     435   -0.085403     2420.0
     436   -0.084997     2420.0
     437   -3.684597   103250.0
     438   -4.722073   131070.0
     439   -0.084997     2420.0
     440    0.000000        0.0
     441   -0.029111      830.0
     442    0.000000        0.0
     443    0.000000        0.0
     444    0.000000        0.0
     445   -2.308472    65370.0
     446   -3.848667   107490.0
     447   -4.705115   130660.0
     448   -0.084997     2420.0
     449   -0.085538     2420.0
     450   -0.085538     2420.0
     451   -0.029111      830.0
     452   -5.000392   138150.0
     453   -3.616372   101270.0
     454   -3.673875   102870.0
     455    0.000000        0.0
     456   -0.085538     2420.0
     457   -0.085538     2420.0
     458    0.000000        0.0
     459   -0.084997     2420.0
     460   -0.029250      830.0
     461    0.000000        0.0
     462   -5.103958   141080.0
     463   -3.583222   100340.0
     464    0.000000        0.0
     465   -0.084997     2420.0
     466   -0.085538     2420.0
     467    0.000000        0.0
     468   -3.791490   106040.0
     469   -0.085538     2420.0
     470    0.000000        0.0
     471   -0.084997     2420.0
     472   -0.029111      830.0
     473    0.000000        0.0
     474   -0.029111      830.0
     475   -2.382955    67650.0
     476   -0.085538     2420.0
     477    0.000000        0.0
     478   -3.546004    99380.0
     479    0.000000        0.0
     480   -2.296198    65010.0
     481   -0.085538     2420.0
     482    0.000000        0.0
     483   -0.085538     2420.0
     484   -0.085538     2420.0
     485   -0.085538     2420.0
     486   -0.085538     2420.0
     487   -0.029111      830.0
     488   -1.697181    48170.0
     489    0.000000        0.0
     490    0.000000        0.0
     491    0.000000        0.0
     492   -1.773274    50230.0
     493   -0.029111      830.0
     494   -0.029111      830.0
     495   -0.084997     2420.0
     496   -3.880646   108500.0
     497   -0.029111      830.0
     498   -4.699917   130450.0
     499    0.000000        0.0
     500   -4.850406   134470.0
     501   -1.702063    48270.0
     502    0.000000        0.0
     503   -3.711340   103910.0
     504   -1.833635    51970.0
     505   -0.029111      830.0
     506   -1.885632    53300.0
     507    0.000000        0.0
     508   -0.085538     2420.0
     509   -0.085538     2420.0
     510   -3.881451   108550.0
     511   -0.084997     2420.0
     512   -2.026847    57550.0
     513   -0.029111      830.0
     514    0.000000        0.0
     515   -0.028969      830.0
     516   -3.849434   107700.0
     517    0.000000        0.0
     518   -0.084997     2420.0
     519   -0.085538     2420.0
     520    0.000000        0.0
     521    0.000000        0.0
     522   -2.061951    58470.0
     523   -0.085538     2420.0
     524    0.000000        0.0
     525    0.000000        0.0
     526   -0.029111      830.0
     527   -0.029250      830.0
     528    0.000000        0.0
     529    0.000000        0.0
     530   -1.941431    54980.0
     531    0.000000        0.0
     532   -0.084997     2420.0
     533    0.000000        0.0
     534   -1.852990    52320.0
     535   -5.258628   145390.0
     536   -0.084997     2420.0
     537   -0.085538     2420.0
     538   -2.361038    66820.0
     539   -3.847583   107470.0
     540    0.000000        0.0
     541   -0.084997     2420.0
     542   -0.085403     2420.0
     543   -2.061604    58470.0
     544    0.000000        0.0
     545    0.000000        0.0
     546    0.000000        0.0
     547    0.000000        0.0
     548   -0.085403     2420.0
     549   -0.085538     2420.0
     550    0.000000        0.0
     551   -0.028969      830.0
     552   -4.747062   131830.0
     553   -1.665153    47060.0
     554   -4.643517   128980.0
     555   -0.085538     2420.0
     556   -0.085538     2420.0
     557   -3.652201   102400.0
     558   -0.085538     2420.0
     559    0.000000        0.0
     560   -0.085538     2420.0
     561    0.000000        0.0
     562    0.000000        0.0
     563   -1.693753    47730.0
     564   -1.738417    49310.0
     565   -4.692948   130370.0
     566    0.000000        0.0
     567   -0.085538     2420.0
     568   -0.029111      830.0
     569   -0.085538     2420.0
     570    0.000000        0.0
     571    0.000000        0.0
     572    0.000000        0.0
     573    0.000000        0.0
     574   -0.084997     2420.0
     575    0.000000        0.0
     576   -3.768705   105380.0
     577   -0.028972      830.0
     578    0.000000        0.0
     579   -0.085538     2420.0
     580   -3.836000   107370.0
     581   -0.028972      830.0
     582    0.000000        0.0
     583   -4.810892   133260.0
     584    0.000000        0.0
     585   -3.654125   102330.0
     586   -0.085538     2420.0
     587   -3.680497   103050.0
     588   -3.781972   105770.0
     589   -3.698073   103540.0
     590    0.000000        0.0
     591   -2.098941    59600.0
     592   -4.753972   131950.0
     593   -0.084997     2420.0
     594    0.000000        0.0
     595   -2.098941    59600.0
     596    0.000000        0.0
     597   -0.085538     2420.0
     598   -0.029111      830.0
     599   -2.098941    59600.0
     600   -4.698597   130530.0
     601    0.000000        0.0
     602   -0.028972      830.0
     603   -0.084997     2420.0
     604   -0.085538     2420.0
     605   -1.640750    46300.0
     606   -1.738052    49300.0
     607   -0.085538     2420.0
     608   -0.085538     2420.0
     609    0.000000        0.0
     610    0.000000        0.0
     611    0.000000        0.0
     612   -3.924080   109520.0
     613   -0.085538     2420.0
     614   -0.029111      830.0
     615   -4.844094   134330.0
     616   -0.084997     2420.0
     617   -0.084997     2420.0
     618   -0.029111      830.0
     619   -1.925663    54450.0
     620   -0.085538     2420.0
     621   -0.084997     2420.0
     622   -2.070413    58450.0
     623   -3.606170   100750.0
     624   -4.360576   119860.0
     625   -3.713326   103740.0
     626    0.000000        0.0
     627   -0.085538     2420.0
     628   -0.085538     2420.0
     629   -5.137736   141720.0
     630   -3.635858   101640.0
     631   -5.106698   141240.0
     632   -5.063111   139650.0
     633    0.000000        0.0
     634    0.000000        0.0
     635   -0.084997     2420.0
     636   -1.725090    48930.0
     637   -0.084997     2420.0
     638   -3.567764   100190.0
     639   -0.084997     2420.0
     640   -3.710812   103900.0
     641   -0.085538     2420.0
     642   -1.641812    46330.0
     643    0.000000        0.0
     644    0.000000        0.0
     645   -0.085538     2420.0
     646   -0.029111      830.0
     647   -0.029111      830.0
     648   -0.084997     2420.0
     649   -3.725806   104360.0
     650    0.000000        0.0
     651    0.000000        0.0
     652    0.000000        0.0
     653    0.000000        0.0
     654   -0.084997     2420.0
     655   -0.029250      830.0
     656   -3.779163   105660.0
     657    0.000000        0.0
     658    0.000000        0.0
     659   -0.085538     2420.0
     660   -3.655628   102350.0
     661   -1.708781    48460.0
     662   -4.680437   130040.0
     663    0.000000        0.0
     664    0.000000        0.0
     665    0.000000        0.0
     666   -0.029111      830.0
     667   -4.834250   134100.0
     668   -4.953910   137310.0
     669   -4.551195   126090.0
     670   -0.084997     2420.0
     671   -0.084997     2420.0
     672   -4.818538   133560.0
     673   -0.085538     2420.0
     674   -0.084997     2420.0
     675   -0.084997     2420.0
     676   -0.084997     2420.0
     677    0.000000        0.0
     678    0.000000        0.0
     679   -3.847722   107580.0
     680    0.000000        0.0
     681   -0.029250      830.0
     682   -1.958569    55590.0
     683    0.000000        0.0
     684   -0.084997     2420.0
     685   -1.731004    49100.0
     686   -0.029111      830.0
     687    0.000000        0.0
     688    0.000000        0.0
     689   -0.084997     2420.0
     690   -0.084997     2420.0
     691   -0.029111      830.0
     692   -0.084997     2420.0
     693   -3.715351   104080.0
     694   -0.084997     2420.0
     695    0.000000        0.0
     696   -1.699076    48180.0
     697   -1.764267    49790.0
     698    0.000000        0.0
     699   -3.728267   104350.0
     700    0.000000        0.0
     701    0.000000        0.0
     702   -0.084997     2420.0
     703   -0.084997     2420.0
     704    0.000000        0.0
     705   -4.583160   126720.0
     706   -1.708781    48460.0
     707    0.000000        0.0
     708   -4.504830   124610.0
     709    0.000000        0.0
     710   -4.771618   132540.0
     711    0.000000        0.0
     712   -3.795674   106130.0
     713   -3.998934   111980.0
     714   -0.029111      830.0
     715   -3.666115   102570.0
     716   -0.085538     2420.0
     717   -2.139965    60650.0
     718    0.000000        0.0
     719   -4.399847   121780.0
     720   -4.801462   133440.0
     721   -4.532281   125790.0
     722   -0.085538     2420.0
     723   -4.725646   131300.0
     724    0.000000        0.0
     725   -4.702653   129850.0
     726    0.000000        0.0
     727   -0.085538     2420.0
     728    0.000000        0.0
     729    0.000000        0.0
     730   -4.597931   127590.0
     731    0.000000        0.0
     732   -4.380906   120520.0
     733    0.000000        0.0
     734   -0.084997     2420.0
     735   -0.029111      830.0
     736   -0.029250      830.0
     737   -0.084997     2420.0
     738    0.000000        0.0
     739    0.000000        0.0
     740    0.000000        0.0
     741    0.000000        0.0
     742   -0.085538     2420.0
     743   -4.942840   136680.0
     744   -3.412556    95250.0
     745    0.000000        0.0
     746    0.000000        0.0
     747   -0.084997     2420.0
     748   -0.084997     2420.0
     749   -0.029111      830.0
     750   -2.065587    58450.0
     751   -0.084997     2420.0
     752    0.000000        0.0
     753   -4.619062   128310.0
     754   -4.652691   129030.0
     755    0.000000        0.0
     756   -0.029111      830.0
     757   -0.084997     2420.0
     758   -1.969219    55600.0
     759    0.000000        0.0
     760   -0.085538     2420.0
     761   -3.650045   102190.0
     762    0.000000        0.0
     763    0.000000        0.0
     764   -3.651205   102220.0
     765   -3.705604   103810.0
     766   -1.605177    45280.0
     767   -0.084997     2420.0
     768    0.000000        0.0
     769   -0.029111      830.0
     770   -0.084997     2420.0
     771   -4.751854   132030.0
     772   -0.085538     2420.0
     773   -0.084997     2420.0
     774   -0.085538     2420.0
     775    0.000000        0.0
     776   -4.670719   129770.0
     777   -0.084997     2420.0
     778   -0.085403     2420.0
     779   -1.699076    48180.0
     780   -1.698712    48170.0
     781    0.000000        0.0
     782    0.000000        0.0
     783   -4.701559   130230.0
     784    0.000000        0.0
     785   -3.631160   101650.0
     786   -0.085538     2420.0
     787    0.000000        0.0
     788   -3.641215   101890.0
     789    0.000000        0.0
     790   -3.631142   101650.0
     791    0.000000        0.0
     792   -0.084997     2420.0
     793   -0.029111      830.0
     794   -0.029111      830.0
     795   -0.085538     2420.0
     796   -0.085538     2420.0
     797   -0.085538     2420.0
     798   -0.029111      830.0
     799   -4.972885   137980.0
     800   -0.084997     2420.0
     801    0.000000        0.0
     802   -3.578503   100380.0
     803   -1.613243    45420.0
     804   -0.085538     2420.0
     805    0.000000        0.0
     806   -3.739736   104550.0
     807    0.000000        0.0
     808   -1.690528    47940.0
     809    0.000000        0.0
     810   -0.029111      830.0
     811   -0.085403     2420.0
     812   -0.029111      830.0
     813   -1.757649    49780.0
     814    0.000000        0.0
     815   -4.635313   128540.0
     816   -0.084997     2420.0
     817   -3.631142   101650.0
     818    0.000000        0.0
     819    0.000000        0.0
     820   -1.858378    52490.0
     821    0.000000        0.0
     822   -0.029111      830.0
     823   -0.029111      830.0
     824   -1.876625    53230.0
     825   -0.029111      830.0
     826   -0.084997     2420.0
     827   -3.807552   106580.0
     828    0.000000        0.0
     829   -0.029111      830.0
     830   -4.780840   132250.0
     831    0.000000        0.0
     832   -3.801937   106480.0
     833    0.000000        0.0
     834   -4.721938   131030.0
     835   -1.698712    48170.0
     836    0.000000        0.0
     837   -0.085538     2420.0
     838    0.000000        0.0
     839   -0.029111      830.0
     840   -3.766993   105360.0
     841    0.000000        0.0
     842   -0.084997     2420.0
     843   -0.029111      830.0
     844    0.000000        0.0
     845    0.000000        0.0
     846   -0.029111      830.0
     847   -0.085538     2420.0
     848   -0.085403     2420.0
     849    0.000000        0.0
     850    0.000000        0.0
     851   -3.434719    95820.0
     852    0.000000        0.0
     853    0.000000        0.0
     854   -4.886851   135130.0
     855   -0.085403     2420.0
     856   -3.781736   105530.0
     857   -0.084997     2420.0
     858    0.000000        0.0
     859   -3.798823   106510.0
     860   -4.698472   129840.0
     861    0.000000        0.0
     862   -0.085403     2420.0
     863   -1.719712    48780.0
     864    0.000000        0.0
     865   -0.084997     2420.0
     866   -3.726399   104250.0
     867   -0.085538     2420.0
     868   -3.540871    99370.0
     869    0.000000        0.0
     870   -3.631142   101650.0
     871   -3.666267   102570.0
     872   -0.084997     2420.0
     873   -1.728573    49030.0
     874   -0.084997     2420.0
     875   -4.586094   127390.0
     876   -0.029111      830.0
     877   -0.029111      830.0
     878   -3.727972   104430.0
     879   -0.084997     2420.0
     880    0.000000        0.0
     881   -4.453538   123250.0
     882   -2.343056    66510.0
     883   -0.084997     2420.0
     884   -0.085538     2420.0
     885   -0.085538     2420.0
     886    0.000000        0.0
     887   -0.084997     2420.0
     888   -0.085538     2420.0
     889   -0.085538     2420.0
     890   -0.029111      830.0
     891    0.000000        0.0
     892    0.000000        0.0
     893   -3.965819   110840.0
     894   -1.703177    48040.0
     895   -4.562194   126660.0
     896   -4.537215   125690.0
     897   -0.084997     2420.0
     898    0.000000        0.0
     899   -1.939705    54940.0
     900   -0.085538     2420.0
     901   -3.745340   104790.0
     902   -0.084997     2420.0
     903   -3.766882   105360.0
     904   -3.819906   106880.0
     905   -0.084997     2420.0
     906   -0.029111      830.0
     907    0.000000        0.0
     908   -4.671045   129780.0
     909   -0.085538     2420.0
     910   -0.029111      830.0
     911   -0.084997     2420.0
     912   -0.085538     2420.0
     913   -0.084997     2420.0
     914   -0.084997     2420.0
     915   -4.678812   130000.0
     916   -0.084997     2420.0
     917   -0.085538     2420.0
     918   -0.029111      830.0
     919   -1.713472    48370.0
     920   -4.686510   129960.0
     921    0.000000        0.0
     922   -3.829306   107000.0
     923   -2.106372    59740.0
     924    0.000000        0.0
     925   -3.404653    95750.0
     926   -0.028972      830.0
     927   -0.084997     2420.0
     928   -0.084997     2420.0
     929   -4.609420   128040.0
     930   -0.085403     2420.0
     931   -0.028969      830.0
     932   -0.084997     2420.0
     933   -1.818483    51360.0
     934   -0.085538     2420.0
     935   -4.684694   130150.0
     936    0.000000        0.0
     937   -0.085538     2420.0
     938   -4.910986   136000.0
     939    0.000000        0.0
     940   -1.644496    46330.0
     941    0.000000        0.0
     942    0.000000        0.0
     943   -3.610056   100940.0
     944   -3.757628   105180.0
     945   -0.029111      830.0
     946   -4.673049   129790.0
     947   -0.084997     2420.0
     948    0.000000        0.0
     949    0.000000        0.0
     950   -4.701483   130500.0
     951   -3.656309   102360.0
     952    0.000000        0.0
     953   -4.687837   130270.0
     954   -1.698167    48160.0
     955   -3.751302   105130.0
     956   -0.084997     2420.0
     957   -0.085538     2420.0
     958   -0.029111      830.0
     959    0.000000        0.0
     960   -0.084997     2420.0
     961    0.000000        0.0
     962   -3.861014   107790.0
     963   -0.085538     2420.0
     964   -4.020007   112460.0
     965    0.000000        0.0
     966   -1.968247    55570.0
     967    0.000000        0.0
     968   -0.028972      830.0
     969    0.000000        0.0
     970   -0.084997     2420.0
     971    0.000000        0.0
     972    0.000000        0.0
     973   -5.683354   156490.0
     974   -0.084997     2420.0
     975   -4.928010   136350.0
     976   -4.644146   127660.0
     977   -0.029111      830.0
     978   -0.084997     2420.0
     979   -0.029111      830.0
     980   -1.698712    48170.0
     981   -0.084997     2420.0
     982    0.000000        0.0
     983   -3.982010   111230.0
     984   -3.859653   107870.0
     985   -1.777163    50340.0
     986   -4.641399   128220.0
     987   -1.937611    54870.0
     988   -0.085538     2420.0
     989    0.000000        0.0
     990   -0.084997     2420.0
     991    0.000000        0.0
     992   -3.649653   102160.0
     993   -0.085538     2420.0
     994   -1.731004    49100.0
     995   -0.085538     2420.0
     996   -0.084997     2420.0
     997   -0.029111      830.0
     998    0.000000        0.0
     999   -4.726740   131200.0
    1000   -1.698712    48170.0
    1001   -3.772330   105570.0
    1002   -5.290590   145640.0
    1003    0.000000        0.0
    1004    0.000000        0.0
    1005   -3.752618   105190.0
    1006   -0.085403     2420.0
    1007   -0.029111      830.0
    1008   -1.698712    48170.0
    1009   -5.009379   138470.0
    1010   -0.084997     2420.0
    1011   -3.631142   101650.0
    1012   -4.525601   125400.0
    1013   -4.680701   130050.0
    1014    0.000000        0.0
    1015   -0.028972      830.0
    1016   -1.970722    55940.0
    1017    0.000000        0.0
    1018   -0.085538     2420.0
    1019   -0.084997     2420.0
    1020   -0.085403     2420.0
    1021   -0.029111      830.0
    1022   -3.500160    98110.0
    1023   -3.740149   104770.0
    1024   -3.480635    97600.0
    1025   -0.029111      830.0
    1026   -0.084997     2420.0
    1027    0.000000        0.0
    1028   -1.709597    48330.0
    1029   -1.708830    48460.0
    1030   -0.029111      830.0
    1031    0.000000        0.0
    1032   -0.085538     2420.0
    1033   -0.084997     2420.0
    1034   -0.029111      830.0
    1035    0.000000        0.0
    1036   -4.812566   133680.0
    1037    0.000000        0.0
    1038   -0.084997     2420.0
    1039   -0.085538     2420.0
    1040    0.000000        0.0
    1041   -0.084997     2420.0
    1042   -2.103292    59620.0
    1043   -0.085538     2420.0
    1044   -3.661806   102520.0
    1045   -4.740740   131470.0
    1046   -0.084997     2420.0
    1047   -0.029111      830.0
    1048    0.000000        0.0
    1049    0.000000        0.0
    1050   -1.729892    49110.0
    1051   -1.698712    48170.0
    1052    0.000000        0.0
    1053   -0.029111      830.0
    1054   -1.728674    49030.0
    1055   -3.747007   105030.0
    1056   -0.029111      830.0
    1057   -4.921556   135910.0
    1058   -4.464413   123660.0
    1059   -0.084997     2420.0
    1060   -0.085538     2420.0
    1061   -0.029111      830.0
    1062    0.000000        0.0
    1063    0.000000        0.0
    1064   -0.084997     2420.0
    1065    0.000000        0.0
    1066   -3.752580   105020.0
    1067   -0.085538     2420.0
    1068   -0.028972      830.0
    1069   -3.891271   109010.0
    1070   -3.843681   107640.0
    1071    0.000000        0.0
    1072   -1.967601    55600.0
    1073    0.000000        0.0
    1074   -4.717024   130730.0
    1075    0.000000        0.0
    1076   -0.085403     2420.0
    1077   -0.084997     2420.0
    1078   -0.085403     2420.0
    1079   -0.029111      830.0
    1080    0.000000        0.0
    1081   -2.430208    68920.0
    1082   -1.968247    55570.0
    1083   -0.029111      830.0
    1084    0.000000        0.0
    1085   -5.379365   148520.0
    1086   -5.973441   164790.0
    1087   -0.085538     2420.0
    1088    0.000000        0.0
    1089    0.000000        0.0
    1090   -0.085538     2420.0
    1091   -3.604660   101160.0
    1092   -5.040444   139020.0
    1093   -2.398517    68030.0
    1094   -0.029111      830.0
    1095    0.000000        0.0
    1096   -0.084997     2420.0
    1097   -0.028972      830.0
    1098    0.000000        0.0
    1099   -1.613250    45630.0
    1100   -2.033608    57390.0
    1101   -0.084997     2420.0
    1102   -0.029111      830.0
    1103   -5.130983   141430.0
    1104   -0.029111      830.0
    1105   -1.966757    55710.0
    1106   -0.029111      830.0
    1107   -4.700212   129860.0
    1108   -1.967122    55720.0
    1109   -0.029111      830.0
    1110   -2.009917    56920.0
    1111   -2.125438    60280.0
    1112   -0.085538     2420.0
    1113    0.000000        0.0
    1114    0.000000        0.0
    1115   -0.029111      830.0
    1116    0.000000        0.0
    1117    0.000000        0.0
    1118    0.000000        0.0
    1119    0.000000        0.0
    1120   -0.084997     2420.0
    1121   -5.601337   154590.0
    1122   -0.029111      830.0
    1123   -0.085538     2420.0
    1124   -0.085538     2420.0
    1125   -3.825264   106770.0
    1126   -4.935931   136070.0
    1127   -0.029111      830.0
    1128   -0.029111      830.0
    1129   -3.605229   100860.0
    1130   -0.084997     2420.0
    1131   -0.085538     2420.0
    1132   -0.085538     2420.0
    1133   -2.272736    64410.0
    1134    0.000000        0.0
    1135    0.000000        0.0
    1136   -0.084997     2420.0
    1137   -0.084997     2420.0
    1138   -0.029111      830.0
    1139   -0.084997     2420.0
    1140   -5.087330   140290.0
    1141    0.000000        0.0
    1142   -0.085538     2420.0
    1143   -0.029250      830.0
    1144    0.000000        0.0
    1145   -0.085538     2420.0
    1146   -4.860090   134740.0
    1147   -1.759510    49830.0
    1148   -0.084997     2420.0
    1149   -3.876042   108570.0
    1150   -0.084997     2420.0
    1151   -0.029111      830.0
    1152   -1.719347    48770.0
    1153    0.000000        0.0
    1154   -0.029111      830.0
    1155   -0.029111      830.0
    1156   -3.824056   107170.0
    1157   -0.029111      830.0
    1158   -1.775080    50280.0
    1159    0.000000        0.0
    1160   -0.085538     2420.0
    1161   -1.812069    51430.0
    1162   -1.869389    52980.0
    1163   -0.084997     2420.0
    1164   -0.085538     2420.0
    1165    0.000000        0.0
    1166   -3.631517   101710.0
    1167   -0.085538     2420.0
    1168   -0.084997     2420.0
    1169    0.000000        0.0
    1170   -0.084997     2420.0
    1171    0.000000        0.0
    1172    0.000000        0.0
    1173   -3.911913   109350.0
    1174   -0.084997     2420.0
    1175   -0.084997     2420.0
    1176    0.000000        0.0
    1177   -4.846882   134290.0
    1178   -0.085538     2420.0
    1179   -2.111715    59860.0
    1180   -0.085538     2420.0
    1181   -0.084997     2420.0
    1182   -4.973309   137390.0
    1183   -3.772424   105570.0
    1184   -4.686632   130070.0
    1185   -0.028972      830.0
    1186   -0.029111      830.0
    1187   -3.920330   109700.0
    1188    0.000000        0.0
    1189   -4.689559   129730.0
    1190   -0.084997     2420.0
    1191    0.000000        0.0
    1192   -0.029111      830.0
    1193   -0.084997     2420.0
    1194    0.000000        0.0
    1195   -0.084997     2420.0
    1196    0.000000        0.0
    1197   -0.085403     2420.0
    1198    0.000000        0.0
    1199    0.000000        0.0
    1200    0.000000        0.0
    1201   -1.708781    48460.0
    1202   -0.085538     2420.0
    1203   -0.029111      830.0
    1204   -0.029111      830.0
    1205    0.000000        0.0
    1206   -1.731052    49100.0
    1207    0.000000        0.0
    1208   -0.085538     2420.0
    1209   -4.723260   131180.0
    1210   -0.084997     2420.0
    1211   -1.728937    49040.0
    1212   -3.631142   101650.0
    1213   -4.703135   130490.0
    1214   -1.884264    53450.0
    1215   -4.800733   132880.0
    1216   -4.810736   133440.0
    1217   -3.645566   102050.0
    1218   -0.084997     2420.0
    1219   -4.695972   130430.0
    1220   -0.085538     2420.0
    1221    0.000000        0.0
    1222   -0.085538     2420.0
    1223    0.000000        0.0
    1224   -1.877563    53030.0
    1225   -0.084997     2420.0
    1226   -4.564271   126840.0
    1227   -0.084997     2420.0
    1228   -3.704462   103760.0
    1229   -4.849608   134200.0
    1230   -4.789726   132820.0
    1231   -3.640517   101920.0
    1232   -0.085538     2420.0
    1233    0.000000        0.0
    1234   -0.084997     2420.0
    1235   -3.706962   103790.0
    1236    0.000000        0.0
    1237   -4.717455   130860.0
    1238   -4.639135   128640.0
    1239    0.000000        0.0
    1240   -1.745517    49280.0
    1241    0.000000        0.0
    1242   -4.631424   128690.0
    1243   -0.084997     2420.0
    1244   -0.085538     2420.0
    1245   -4.713573   130910.0
    1246   -4.901924   136060.0
    1247   -3.631142   101650.0
    1248   -0.084997     2420.0
    1249    0.000000        0.0
    1250   -3.659267   102460.0
    1251   -1.729031    49040.0
    1252   -0.085538     2420.0
    1253   -3.794886   106170.0
    1254   -0.084997     2420.0
    1255    0.000000        0.0
    1256   -0.084997     2420.0
    1257    0.000000        0.0
    1258    0.000000        0.0
    1259    0.000000        0.0
    1260    0.000000        0.0
    1261    0.000000        0.0
    1262   -0.029111      830.0
    1263   -0.085538     2420.0
    1264   -0.029111      830.0
    1265    0.000000        0.0
    1266   -4.641760   128210.0
    1267   -0.085538     2420.0
    1268   -0.084997     2420.0
    1269    0.000000        0.0
    1270   -0.029111      830.0
    1271   -0.029111      830.0
    1272   -0.085538     2420.0
    1273   -3.657142   102330.0
    1274   -0.084997     2420.0
    1275    0.000000        0.0
    1276    0.000000        0.0
    1277   -3.861917   107960.0
    1278    0.000000        0.0
    1279   -0.029111      830.0
    1280   -3.662469   102490.0
    1281   -0.084997     2420.0
    1282    0.000000        0.0
    1283    0.000000        0.0
    1284    0.000000        0.0
    1285   -3.706590   103860.0
    1286   -1.787795    50670.0
    1287   -0.084997     2420.0
    1288    0.000000        0.0
    1289   -0.085538     2420.0
    1290    0.000000        0.0
    1291   -4.650736   129140.0
    1292    0.000000        0.0
    1293    0.000000        0.0
    1294   -0.085538     2420.0
    1295   -1.411865    39820.0
    1296   -0.029111      830.0
    1297    0.000000        0.0
    1298   -0.085538     2420.0
    1299   -4.044337   112920.0
    1300   -0.029111      830.0
    1301   -0.029111      830.0
    1302   -3.924260   109860.0
    1303   -4.602438   127290.0
    1304   -0.029111      830.0
    1305   -0.085538     2420.0
    1306   -3.722965   104210.0
    1307   -0.029111      830.0
    1308   -0.085538     2420.0
    1309   -0.029111      830.0
    1310    0.000000        0.0
    1311   -0.085538     2420.0
    1312   -3.610205   100830.0
    1313    0.000000        0.0
    1314   -3.687833   103040.0
    1315   -0.029111      830.0
    1316   -0.085538     2420.0
    1317   -0.084997     2420.0
    1318   -0.029111      830.0
    1319   -0.084997     2420.0
    1320   -0.029250      830.0
    1321   -0.084997     2420.0
    1322   -4.794858   132630.0
    1323   -0.084997     2420.0
    1324    0.000000        0.0
    1325    0.000000        0.0
    1326    0.000000        0.0
    1327    0.000000        0.0
    1328   -0.085538     2420.0
    1329   -0.085538     2420.0
    1330   -0.085403     2420.0
    1331    0.000000        0.0
    1332   -0.084997     2420.0
    1333   -0.084997     2420.0
    1334   -3.614778   101220.0
    1335   -0.029111      830.0
    1336    0.000000        0.0
    1337    0.000000        0.0
    1338   -0.085403     2420.0
    1339    0.000000        0.0
    1340   -0.029111      830.0
    1341   -0.029111      830.0
    1342   -2.138156    60630.0
    1343   -4.854542   134400.0
    1344   -4.711184   130600.0
    1345   -3.669438   102730.0
    1346   -0.085538     2420.0
    1347    0.000000        0.0
    1348   -4.881972   135280.0
    1349    0.000000        0.0
    1350   -0.028969      830.0
    1351   -3.672118   102810.0
    1352   -0.085538     2420.0
    1353   -4.688590   129850.0
    1354    0.000000        0.0
    1355   -0.084997     2420.0
    1356   -1.719347    48770.0
    1357   -1.725417    48980.0
    1358   -9.583826   258860.0
    1359   -0.028222      790.0
    1360   -0.000969        0.0
    1361   -0.125111     3500.0
    1362    0.000000        0.0
    1363   -0.000049        0.0
    1364   -0.005128      140.0
    1365   -3.618469   102040.0
    1366    0.000000        0.0
    1367   -2.810222    79720.0
    1368   -4.422056   123600.0
    1369    0.000000        0.0
    1370    0.000000        0.0
    1371  -18.611559   489700.0
    1372   -0.033038      900.0
    1373    0.000000        0.0
    1374   -4.988681   137220.0
    1375   -0.010854      300.0
    1376   -4.991927   138030.0
    1377   -0.118344     3060.0
    1378   -1.110038    31770.0
    1379    0.000000        0.0
    1380   -0.011142      320.0
    1381    0.000000        0.0
    1382    0.000000        0.0
    1383  -12.768552   335120.0
    1384    0.000000        0.0
    1385    0.000000        0.0
    1386    0.000000        0.0
    1387   -5.855212   163580.0
    1388   -4.496629   124690.0
    1389    0.000000        0.0
    1390   -0.746354    20640.0
    1391   -0.995566    26950.0
    1392   -8.314934   222910.0
    1393  -10.146410   269190.0
    1394   -8.523163   223770.0
    1395   -0.002778       80.0
    1396   -6.675334   178490.0
    1397    0.000000        0.0
    1398    0.000000        0.0
    1399  -16.701149   433360.0
    1400  -24.976444   613430.0
    1401  -19.594635   503340.0
    1402   -6.814708   188180.0
    1403    0.000000        0.0
    1404    0.000000        0.0
    1405    0.000000        0.0
    1406    0.000000        0.0
    1407  -24.971653   627620.0
    1408    0.000000        0.0
    1409    0.000000        0.0
    1410   -0.122250     3440.0
    1411   -0.261347     7200.0
    1412   -4.665035   129600.0
    1413   -9.532371   253600.0
    1414   -0.025833      740.0
    1415   -0.177038     4960.0
    1416   -0.018868      530.0
    1417   -0.154542     4360.0
    1418  -18.238427   466640.0
    1419   -0.001208       30.0
    1420   -0.040201     1140.0
    1421  -11.199725   295570.0
    1422   -0.008333      240.0
    1423    0.000000        0.0
    1424   -0.041979     1200.0
    1425    0.000000        0.0
    1426   -0.009799      280.0
    1427    0.000000        0.0
    1428    0.000000        0.0
    1429   -0.000347       10.0
    1430   -0.044396     1270.0
    1431   -0.000194        0.0
    1432   -7.517517   201960.0
    1433   -0.020333      580.0
    1434   -6.786295   181200.0
    1435    0.000000        0.0
    1436   -4.265521   116680.0
    1437   -6.280423   170810.0
    1438   -0.000694       20.0
    1439   -3.222795    90160.0
    1440   -0.006257      180.0
    1441   -0.039135     1120.0
    1442    0.000000        0.0
    1443  -10.415417   275660.0
    1444   -6.841875   180710.0
    1445    0.000000        0.0
    1446   -0.087427     2460.0
    1447   -0.033688      960.0
    1448   -0.116875     3300.0
    1449   -0.005750      160.0
    1450    0.000000        0.0
    1451   -2.646083    75050.0
    1452    0.000000        0.0
    1453   -3.186792    87670.0
    1454   -1.587903    44950.0
    1455    0.000000        0.0
    1456   -0.044347     1270.0
    1457   -2.019722    57360.0
    1458   -0.000694       20.0
    1459   -0.101840     2850.0
    1460   -8.469444   234560.0
    1461    0.000000        0.0
    1462   -0.056080     1600.0
    1463   -0.000031        0.0
    1464   -2.243483    63680.0
    1465   -2.720205    76490.0
    1466    0.000000        0.0
    1467   -0.101667     2880.0
    1468   -2.417056    68380.0
    1469    0.000000        0.0
    1470   -4.682132   129750.0
    1471   -3.202986    90830.0
    1472   -0.034062      970.0
    1473   -0.090726     2580.0
    1474   -2.108014    60270.0
    1475    0.000000        0.0
    1476   -3.365792    94250.0
    1477   -3.855653   108990.0
    1478   -5.370941   147090.0
    1479   -0.110274     2960.0
    1480   -0.147271     4080.0
    1481  -13.128528   347700.0
    1482   -2.177483    57960.0
    1483   -1.763076    48140.0
    1484  -10.226767   271520.0
    1485   -8.541097   228250.0
    1486    0.000000        0.0
    1487    0.000000        0.0
    1488    0.000000        0.0
    1489   -7.305097   200350.0
    1490   -0.003125       90.0
    1491   -0.005635      160.0
    1492   -0.013542      390.0
    1493    0.000000        0.0
    1494  -32.069736   785750.0
    1495  -19.246441   495610.0
    1496   -0.436111    11480.0
    1497  -29.093212   719020.0
    1498   -6.731111   184350.0
    1499    0.000000        0.0
    1500   -2.365844    66440.0
    1501    0.000000        0.0
    1502   -0.129479     3660.0
    1503   -0.021531      600.0
    1504   -1.273559    36300.0
    1505   -4.160799   116450.0
    1506   -1.287760    36200.0
    1507   -2.391719    67720.0
    1508   -2.245712    63370.0
    1509    0.000000        0.0
    1510   -0.341594     9000.0
    1511   -9.124823   244160.0
    1512   -0.674333    18270.0
    1513   -0.687031    16560.0
    1514   -0.226017     6110.0
    1515   -0.529837    14140.0
    1516   -0.145799     4010.0
    1517   -2.633892    61590.0
    1518   -0.000063        0.0
    1519   -4.870285   135670.0
    1520   -1.651410    46850.0
    1521   -0.033118      940.0
    1522   -7.465195   199960.0
    1523    0.000000        0.0
    1524    0.000000        0.0
    1525    0.000000        0.0
    1526    0.000000        0.0
    1527    0.000000        0.0
    1528    0.000000        0.0
    1529    0.000000        0.0
    1530  -10.460854   288090.0
    1531    0.000000        0.0
    1532   -0.000010        0.0
    1533   -0.008799      250.0
    1534    0.000000        0.0
    1535   -4.540576   125540.0
    1536   -3.730073   103650.0
    1537   -0.013542      390.0
    1538    0.000000        0.0
    1539   -2.609417    74080.0
    1540    0.000000        0.0
    1541    0.000000        0.0
    1542   -0.052424     1480.0
    1543  -29.607976   717820.0
    1544   -0.048802     1370.0
    1545   -0.045969     1300.0
    1546    0.000000        0.0
    1547  -12.693986   337430.0
    1548  -16.514003   429770.0
    1549    0.000000        0.0
    1550   -4.860236   134580.0
    1551   -0.152215     4200.0
    1552   -0.185903     5200.0
    1553    0.000000        0.0
    1554    0.000000        0.0
    1555    0.000000        0.0
    1556    0.000000        0.0
    1557   -2.689865    75580.0
    1558    0.000000        0.0
    1559    0.000000        0.0
    1560   -0.122663     3480.0
    1561   -2.017153    57200.0
    1562    0.000000        0.0
    1563    0.000000        0.0
    1564    0.000000        0.0
    1565   -0.000347       10.0
    1566   -7.083299   193640.0
    1567   -3.618861    99290.0
    1568   -5.384257   145150.0
    1569   -0.012208      350.0
    1570   -0.000274        0.0
    1571   -0.076958     2160.0
    1572   -0.100194     2830.0
    1573   -0.058556     1650.0
    1574   -9.607097   256440.0
    1575   -0.074333     2010.0
    1576   -9.370274   253090.0
    1577   -8.851681   240780.0
    1578   -4.347965   119550.0
    1579   -0.189729     5340.0
    1580   -0.125573     3540.0
    1581   -0.131031     3660.0
    1582   -2.999545    84110.0
    1583   -3.987333   112190.0
    1584   -0.010417      300.0
    1585   -0.070899     2020.0
    1586   -4.363014   120510.0
    1587    0.000000        0.0
    1588    0.000000        0.0
    1589    0.000000        0.0
    1590   -0.007313      210.0
    1591   -4.592382   125540.0
    1592   -0.170333     4800.0
    1593   -3.661264   100340.0
    1594   -7.971903   212460.0
    1595    0.000000        0.0
    1596   -0.027313      780.0
    1597   -0.054865     1560.0
    1598   -4.806038   134460.0
    1599   -0.099698     2820.0
    1600    0.000000        0.0
    1601   -0.099698     2820.0
    1602    0.000000        0.0
    1603    0.000000        0.0
    1604   -2.695698    75870.0
    1605   -0.165917     4680.0
    1606   -0.042139     1140.0
    1607   -0.128215     3500.0
    1608   -0.062451     1650.0
    1609  -19.802604   504930.0
    1610  -25.104090   630340.0
    1611   -1.132639    30070.0
    1612  -31.798129   765980.0
    1613    0.000000        0.0
    1614   -0.025437      730.0
    1615   -1.663066    47410.0
    1616    0.000000        0.0
    1617   -0.004559      130.0
    1618   -0.013944      400.0
    1619    0.000000        0.0
    1620    0.000000        0.0
    1621   -0.089674     2540.0
    1622    0.000000        0.0
    1623   -0.001743       50.0
    1624    0.000000        0.0
    1625   -0.020271      580.0
    1626    0.000000        0.0
    1627   -3.146750    89340.0
    1628   -7.542646   207460.0
    1629   -0.002431       70.0
    1630    0.000000        0.0
    1631    0.000000        0.0
    1632   -5.203941   142380.0
    1633   -4.938083   136910.0
    1634   -0.085865     2430.0
    1635   -0.000104        0.0
    1636   -0.003271       90.0
    1637   -0.033708      960.0
    1638   -0.110146     3120.0
    1639   -0.118104     3330.0
    1640   -0.095833     2700.0
    1641   -0.004333      120.0
    1642    0.000000        0.0
    1643    0.000000        0.0
    1644   -0.034000      970.0
    1645    0.000000        0.0
    1646   -2.540774    72350.0
    1647    0.000000        0.0
    1648   -6.582809   183750.0
    1649    0.000000        0.0
    1650   -0.001736       50.0
    1651   -6.364014   173440.0
    1652   -0.041976     1200.0
    1653   -0.003125       90.0
    1654    0.000000        0.0
    1655   -4.390781   122590.0
    1656   -1.497333    42390.0
    1657    0.000000        0.0
    1658  -16.134476   423900.0
    1659  -17.336507   448210.0
    1660   -0.000010        0.0
    1661   -0.000010        0.0
    1662    0.000000        0.0
    1663   -4.447601   122680.0
    1664   -0.029354      840.0
    1665    0.000000        0.0
    1666   -0.367316    10250.0
    1667    0.000000        0.0
    1668   -0.015094      430.0
    1669    0.000000        0.0
    1670   -3.783559   101630.0
    1671    0.000000        0.0
    1672   -4.324788   119180.0
    1673   -4.568271   124860.0
    1674   -7.676750   206520.0
    1675    0.000000        0.0
    1676    0.000000        0.0
    1677   -6.113007   166720.0
    1678   -3.455695    97320.0
    1679   -2.391719    67870.0
    1680    0.000000        0.0
    1681    0.000000        0.0
    1682  -22.672174   572670.0
    1683  -32.858159   773220.0
    1684    0.000000        0.0
    1685  -33.038948   791510.0
    1686   -3.903396   109190.0
    1687   -2.029059    57790.0
    1688    0.000000        0.0
    1689   -0.011458      330.0
    1690   -0.069882     1940.0
    1691  -10.347083   279680.0
    1692   -0.014642      360.0
    1693   -7.997760   217560.0
    1694   -2.512958    71010.0
    1695    0.000000        0.0
    1696   -1.998306    56960.0
    1697   -2.546170    72290.0
    1698   -1.313698    37610.0
    1699    0.000000        0.0
    1700    0.000000        0.0
    1701    0.000000        0.0
    1702   -4.321802   120610.0
    1703   -3.361458    94210.0
    1704    0.000000        0.0
    1705   -9.712826   263820.0
    1706   -0.755368    20040.0
    1707  -12.480389   335010.0
    1708   -0.106576     2960.0
    1709   -0.108628     3070.0
    1710   -7.486139   206510.0
    1711   -6.322208   172880.0
    1712    0.000000        0.0
    1713    0.000000        0.0
    1714    0.000000        0.0
    1715   -4.874858   136960.0
    1716   -5.699208   158430.0
    1717    0.000000        0.0
    1718  -23.810885   613830.0
    1719    0.000000        0.0
    1720  -18.383288   485720.0
    1721   -0.066417     1890.0
    1722    0.000000        0.0
    1723   -5.243326   146060.0
    1724   -3.659996   102610.0
    1725   -2.198965    58800.0
    1726   -7.974924   216250.0
    1727   -1.603312    42360.0
    1728   -2.037340    54420.0
    1729  -18.461379   474820.0
    1730  -32.014934   785590.0
    1731    0.000000        0.0
    1732  -24.552601   620610.0
    1733   -0.044778     1280.0
    1734   -0.013844      390.0
    1735   -0.008010      230.0
    1736   -0.022333      640.0
    1737    0.000000        0.0
    1738    0.000000        0.0
    1739   -2.855986    80290.0
    1740    0.000000        0.0
    1741    0.000000        0.0
    1742   -0.013955      400.0
    1743   -0.000059        0.0
    1744   -3.006410    84940.0
    1745   -0.161378     4330.0
    1746   -0.131361     3500.0
    1747   -0.058674     1650.0
    1748  -18.222302   477390.0
    1749  -32.851194   788130.0
    1750    0.000000        0.0
    1751  -33.031520   782230.0
    1752   -0.000250        0.0
    1753    0.000000        0.0
    1754    0.000000        0.0
    1755    0.000000        0.0
    1756   -5.258000   143990.0
    1757   -0.223972     6230.0
    1758   -0.213042     5800.0
    1759   -0.033069      900.0
    1760   -0.012396      320.0
    1761    0.000000        0.0
    1762  -10.612073   287200.0
    1763   -5.559184   152900.0
    1764   -5.683583   156940.0
    1765   -1.991792    56830.0
    1766    0.000000        0.0
    1767   -4.498927   125820.0
    1768    0.000000        0.0
    1769   -0.035316     1010.0
    1770   -2.795344    78280.0
    1771   -0.012382      340.0
    1772   -5.385389   150630.0
    1773    0.000000        0.0
    1774    0.000000        0.0
    1775    0.000000        0.0
    1776    0.000000        0.0
    1777  -18.010507   471020.0
    1778   -0.040351     1140.0
    1779   -0.430687    11760.0
    1780  -15.516639   411770.0
    1781   -0.333403     9090.0
    1782    0.000000        0.0
    1783    0.000000        0.0
    1784   -0.137955     3840.0
    1785    0.000000        0.0
    1786   -0.039486     1130.0
    1787   -0.017069      490.0
    1788    0.000000        0.0
    1789    0.000000        0.0
    1790   -0.009142      260.0
    1791    0.000000        0.0
    1792    0.000000        0.0
    1793   -0.010069      290.0
    1794   -3.368285    94640.0
    1795   -6.094837   168970.0
    1796    0.000000        0.0
    1797    0.000000        0.0
    1798    0.000000        0.0
    1799   -4.023497   113550.0
    1800   -1.703934    48860.0
    1801   -1.297240    37230.0
    1802   -0.010069      290.0
    1803   -0.212458     5960.0
    1804   -0.039948     1120.0
    1805   -0.741156    19030.0
    1806  -19.056357   503440.0
    1807   -0.401351    10870.0
    1808  -56.162744  1326470.0
    1809   -8.272636   216070.0
    1810   -0.103632     2690.0
    1811   -0.612045    16830.0
    1812   -0.732410    17490.0
    1813  -28.837028   714340.0
    1814  -24.786098   643490.0
    1815  -19.263965   493960.0
    1816  -20.767663   518700.0
    1817   -3.428319    95150.0
    1818   -0.062229     1620.0
    1819   -1.630097    46470.0
    1820   -4.767354   132610.0
    1821   -0.076917     2160.0
    1822   -7.428462   200780.0
    1823  -10.694754   288670.0
    1824   -4.709816   130220.0
    1825   -2.297333    64680.0
    1826    0.000000        0.0
    1827    0.000000        0.0
    1828    0.000000        0.0
    1829   -3.080503    85750.0
    1830   -3.944885   110290.0
    1831    0.000000        0.0
    1832   -0.007292      210.0
    1833   -0.043146     1230.0
    1834   -3.951299   110170.0
    1835    0.000000        0.0
    1836   -0.003837      110.0
    1837   -0.381087    10100.0
    1838    0.000000        0.0
    1839   -0.251913     6780.0
    1840   -0.368170     8270.0
    1841    0.000000        0.0
    1842   -0.000427        0.0
    1843   -0.221469     6150.0
    1844   -0.340212     9440.0
    1845   -6.969427   189500.0
    1846    0.000000        0.0
    1847    0.000000        0.0
    1848    0.000000        0.0
    1849   -2.271024    64120.0
    1850    0.000000        0.0
    1851   -3.276128    90610.0
    1852   -2.574299    72940.0
    1853   -0.042677     1200.0
    1854   -2.061615    58370.0
    1855   -0.006181      170.0
    1856   -0.107073     3000.0
    1857   -0.006333      160.0
    1858   -0.135451     3820.0
    1859   -0.016882      480.0
    1860   -4.110792   115040.0
    1861   -0.000021        0.0
    1862    0.000000        0.0
    1863   -0.154840     4330.0
    1864   -8.146312   223010.0
    1865   -6.403160   176370.0
    1866   -0.001743       50.0
    1867    0.000000        0.0
    1868   -0.001743       50.0
    1869   -0.059490     1650.0
    1870  -18.430410   469250.0
    1871   -0.077493     2160.0
    1872   -0.082688     2160.0
    1873   -0.032767      940.0
    1874   -3.580872    99830.0
    1875   -4.270837   119730.0
    1876   -3.106972    86240.0
    1877   -3.015160    84620.0
    1878   -0.084479     2400.0
    1879    0.000000        0.0
    1880    0.000000        0.0
    1881   -5.548108   152020.0
    1882    0.000000        0.0
    1883   -5.193361   140250.0
    1884    0.000000        0.0
    1885  -19.333712   490990.0
    1886    0.000000        0.0
    1887   -0.734990    19860.0
    1888    0.000000        0.0
    1889   -0.041875     1140.0
    1890   -0.000021        0.0
    1891  -16.231205   412570.0
    1892  -13.463045   356730.0
    1893   -0.030274      870.0
    1894   -0.003146       90.0
    1895   -4.408799   124160.0
    1896   -0.105087     2980.0
    1897   -2.195160    61180.0
    1898   -0.000073        0.0
    1899   -0.089062     2520.0
    1900   -0.000083        0.0
    1901  -19.759597   509010.0
    1902    0.000000        0.0
    1903    0.000000        0.0
    1904    0.000000        0.0
    1905   -0.000010        0.0
    1906  -22.963490   572520.0
    1907   -2.125833    58190.0
    1908  -10.958955   292910.0
    1909   -0.120090     3280.0
    1910   -0.113448     3160.0
    1911  -13.157167   348340.0
    1912   -6.275236   171220.0
    1913    0.000000        0.0
    1914    0.000000        0.0
    1915   -2.153260    60570.0
    1916   -4.745549   130670.0
    1917    0.000000        0.0
    1918   -0.009799      280.0
    1919  -30.695656   742000.0
    1920    0.000000        0.0
    1921   -4.585542   125550.0
    1922   -0.029559      810.0
    1923   -0.382010    10010.0
    1924   -7.028188   190780.0
    1925   -8.367934   230430.0
    1926   -5.423944   151980.0
    1927    0.000000        0.0
    1928    0.000000        0.0
    1929   -0.007986      230.0
    1930   -0.032451      930.0
    1931   -5.572438   153300.0
    1932    0.000000        0.0
    1933   -0.137740     3900.0
    1934   -2.860497    80880.0
    1935   -3.986993   111810.0
    1936   -0.011986      340.0
    1937   -7.148038   198490.0
    1938    0.000000        0.0
    1939    0.000000        0.0
    1940   -0.003490      100.0
    1941   -0.000042        0.0
    1942   -0.015278      400.0
    1943   -1.659601    42100.0
    1944    0.000000        0.0
    1945   -0.016052      460.0
    1946    0.000000        0.0
    1947    0.000000        0.0
    1948   -5.449587   152710.0
    1949    0.000000        0.0
    1950   -2.591632    71340.0
    1951    0.000000        0.0
    1952   -0.009722      280.0
    1953   -0.008712      250.0
    1954   -0.062917     1650.0
    1955    0.000000        0.0
    1956  -28.620719   704360.0
    1957   -0.005917      170.0
    1958    0.000000        0.0
    1959    0.000000        0.0
    1960   -2.751705    77930.0
    1961   -0.837819    21930.0
    1962    0.000000        0.0
    1963    0.000000        0.0
    1964   -0.219434     5470.0
    1965    0.000000        0.0
    1966  -15.076177   398430.0
    1967  -23.924228   614930.0
    1968    0.000000        0.0
    1969   -4.240031   115740.0
    1970   -0.711139    18270.0
    1971   -1.286781    34430.0
    1972   -0.144313     3840.0
    1973   -0.133622     3680.0
    1974   -0.243819     6670.0
    1975   -9.533024   252560.0
    1976   -0.076507     2010.0
    1977    0.000000        0.0
    1978    0.000000        0.0
    1979    0.000000        0.0
    1980    0.000000        0.0
    1981   -4.881722   135240.0
    1982    0.000000        0.0
    1983   -0.039837     1140.0
    1984    0.000000        0.0
    1985  -24.930229   595470.0
    1986  -22.564944   567060.0
    1987    0.000000        0.0
    1988  -24.047837   581300.0
    1989    0.000000        0.0
    1990   -0.062479     1760.0
    1991  -12.489285   327850.0
    1992    0.000000        0.0
    1993   -3.822354   106070.0
    1994   -4.358993   120910.0
    1995    0.000000        0.0
    1996    0.000000        0.0
    1997    0.000000        0.0
    1998    0.000000        0.0
    1999    0.000000        0.0
    2000   -1.255031    34230.0
    2001   -2.221667    57430.0
    2002   -0.011806      340.0
    2003   -1.213368    30230.0
    2004    0.000000        0.0
    2005    0.000000        0.0
    2006    0.000000        0.0
    2007    0.000000        0.0
    2008   -6.971667   185680.0
    2009    0.000000        0.0
    2010    0.000000        0.0
    2011   -9.273111   249660.0
    2012    0.000000        0.0
    2013    0.000000        0.0
    2014    0.000000        0.0
    2015    0.000000        0.0
    2016   -0.033563      960.0
    2017   -4.428830   121970.0
    2018    0.000000        0.0
    2019   -0.041802     1200.0
    2020    0.000000        0.0
    2021    0.000000        0.0
    2022    0.000000        0.0
    2023   -2.109427    59060.0
    2024   -2.872316    79580.0
    2025   -0.073854     2100.0
    2026   -0.007292      210.0
    2027    0.000000        0.0
    2028    0.000000        0.0
    2029  -15.430364   409220.0
    2030  -18.077569   478240.0
    2031   -0.065847     1790.0
    2032   -2.745378    74880.0
    2033    0.000000        0.0
    2034   -4.575330   125470.0
    2035    0.000000        0.0
    2036    0.000000        0.0
    2037   -0.002094       60.0
    2038    0.000000        0.0
    2039    0.000000        0.0
    2040  -13.060146   352250.0
    2041    0.000000        0.0
    2042   -0.025208      720.0
    2043    0.000000        0.0
    2044   -3.778358   105360.0
    2045   -0.002979       80.0
    2046   -0.192163     5420.0
    2047   -0.048135     1360.0
    2048  -20.183729   502330.0
    2049   -0.027774      790.0
    2050  -19.545320   500460.0
    2051   -0.642368    16500.0
    2052   -0.177847     5000.0
    2053  -12.096555   320010.0
    2054   -8.265042   223240.0
    2055    0.000000        0.0
    2056   -0.000153        0.0
    2057   -0.058531     1650.0
    2058   -7.532146   203930.0
    2059   -0.000010        0.0
    2060   -0.119361     3360.0
    2061   -0.699215    19250.0
    2062    0.000000        0.0
    2063    0.000000        0.0
    2064   -1.103347    27840.0
    2065   -7.991677   216240.0
    2066   -6.922097   187590.0
    2067   -0.020979      530.0
    2068    0.000000        0.0
    2069   -0.016667      480.0
    2070   -0.004167      120.0
    2071    0.000000        0.0
    2072    0.000000        0.0
    2073    0.000000        0.0
    2074   -4.682656   129380.0
    2075    0.000000        0.0
    2076    0.000000        0.0
    2077    0.000000        0.0
    2078   -0.123375     3480.0
    2079    0.000000        0.0
    2080   -3.496882    98430.0
    2081    0.000000        0.0
    2082   -0.031069      890.0
    2083    0.000000        0.0
    2084    0.000000        0.0
    2085   -2.252667    63480.0
    2086   -2.674427    75060.0
    2087   -2.368087    66240.0
    2088   -4.068951   113150.0
    2089   -2.740479    77450.0
    2090    0.000000        0.0
    2091   -5.604913   156190.0
    2092    0.000000        0.0
    2093   -0.013247      380.0
    2094   -6.740861   185750.0
    2095   -5.381739   150400.0
    2096   -4.568070   126560.0
    2097    0.000000        0.0
    2098   -4.478205   122090.0
    2099   -5.576007   148630.0
    2100   -0.049174     1400.0
    2101   -0.099698     2820.0
    2102   -3.167226    89710.0
    2103   -2.062601    58530.0
    2104   -1.289187    34540.0
    2105  -10.846337   287830.0
    2106   -5.731656   154650.0
    2107   -1.636389    45840.0
    2108   -0.127944     3620.0
    2109   -0.001417       40.0
    2110   -0.063868     1820.0
    2111   -0.010170      290.0
    2112    0.000000        0.0
    2113    0.000000        0.0
    2114  -20.893195   535620.0
    2115    0.000000        0.0
    2116   -0.539000    14600.0
    2117  -26.006875   636440.0
    2118   -0.326698     8900.0
    2119   -0.183868     4990.0
    2120    0.000000        0.0
    2121   -0.015406      440.0
    2122   -0.126201     3500.0
    2123    0.000000        0.0
    2124   -0.127101     3600.0
    2125   -5.398476   148800.0
    2126    0.000000        0.0
    2127   -0.006021      170.0
    2128    0.000000        0.0
    2129   -3.916208   108450.0
    2130   -0.017792      510.0
    2131    0.000000        0.0
    2132   -0.155410     4330.0
    2133  -10.215993   274360.0
    2134  -12.142688   315540.0
    2135    0.000000        0.0
    2136    0.000000        0.0
    2137    0.000000        0.0
    2138    0.000000        0.0
    2139   -5.159438   143250.0
    2140   -0.007986      230.0
    2141   -6.372927   176670.0
    2142   -0.133663     3770.0
    2143   -3.821858   107550.0
    2144   -0.037813     1080.0
    2145   -2.271385    63750.0
    2146    0.000000        0.0
    2147    0.000000        0.0
    2148    0.000000        0.0
    2149   -0.017444      500.0
    2150   -4.237792   115770.0
    2151   -0.083233     2360.0
    2152   -0.840875    22120.0
    2153   -0.874781    22680.0
    2154   -0.302167     7280.0
    2155   -0.405816    10250.0
    2156   -0.028729      820.0
    2157   -5.420212   151820.0
    2158   -5.501771   153270.0
    2159   -0.028729      820.0
    2160    0.000000        0.0
    2161    0.000000        0.0
    2162    0.000000        0.0
    2163    0.000000        0.0
    2164    0.000000        0.0
    2165   -0.058507     1650.0
    2166   -0.009073      260.0
    2167  -11.200427   303350.0
    2168    0.000000        0.0
    2169   -2.853465    80510.0
    2170   -0.020934      600.0
    2171    0.000000        0.0
    2172    0.000000        0.0
    2173   -5.448601   152860.0
    2174  -10.783941   294780.0
    2175   -0.210917     5910.0
    2176   -0.001389       40.0
    2177   -0.078073     2220.0
    2178   -0.011844      340.0
    2179   -0.030483      870.0
    2180   -0.151469     4200.0
    2181   -6.921042   185000.0
    2182   -6.879174   186360.0
    2183    0.000000        0.0
    2184   -0.224493     6140.0
    2185   -0.284062     7620.0
    2186   -0.137538     3800.0
    2187   -0.005392      140.0
    2188    0.000000        0.0
    2189  -22.800622   564150.0
    2190  -18.468708   467240.0
    2191    0.000000        0.0
    2192    0.000000        0.0
    2193    0.000000        0.0
    2194    0.000000        0.0
    2195    0.000000        0.0
    2196    0.000000        0.0
    2197    0.000000        0.0
    2198    0.000000        0.0
    2199   -9.254111   253290.0
    2200    0.000000        0.0
    2201  -14.643989   388700.0
    2202    0.000000        0.0
    2203    0.000000        0.0
    2204    0.000000        0.0
    2205   -4.010104   112610.0
    2206  -10.434281   280690.0
    2207    0.000000        0.0
    2208   -1.620774    46010.0
    2209    0.000000        0.0
    2210   -2.085444    58700.0
    2211   -1.859715    52620.0
    2212   -0.021208      600.0
    2213   -0.009302      240.0
    2214   -0.000042        0.0
    2215   -1.549552    43520.0
    2216    0.000000        0.0
    2217   -6.341170   171860.0
    2218   -0.080170     2220.0
    2219    0.000000        0.0
    2220   -0.019653      560.0
    2221    0.000000        0.0
    2222   -8.570649   228540.0
    2223   -0.040583     1080.0
    2224  -11.890754   311350.0
    2225   -1.267306    33440.0
    2226    0.000000        0.0
    2227   -9.540153   253360.0
    2228   -0.412222    11600.0
    2229   -0.077722     2200.0
    2230  -10.148011   272350.0
    2231    0.000000        0.0
    2232    0.000000        0.0
    2233   -3.811004   105680.0
    2234    0.000000        0.0
    2235   -3.149358    88450.0
    2236   -0.082337     2290.0
    2237   -4.649083   127650.0
    2238   -0.020236      580.0
    2239   -0.070767     1980.0
    2240   -0.044146     1260.0
    2241   -3.810545   107640.0
    2242    0.000000        0.0
    2243    0.000000        0.0
    2244  -15.374007   406940.0
    2245   -0.000052        0.0
    2246  -13.348337   359840.0
    2247    0.000000        0.0
    2248    0.000000        0.0
    2249    0.000000        0.0
    2250    0.000000        0.0
    2251   -8.209726   219330.0
    2252   -0.058264     1650.0
    2253   -4.156104   116930.0
    2254    0.000000        0.0
    2255   -4.855132   135220.0
    2256  -10.714993   288020.0
    2257    0.000000        0.0
    2258   -0.100962     2830.0
    2259   -0.300281     8290.0
    2260    0.000000        0.0
    2261   -3.746615   104920.0
    2262    0.000000        0.0
    2263    0.000000        0.0
    2264   -0.785451    20110.0
    2265   -0.271556     7310.0
    2266  -18.564455   476900.0
    2267   -0.088556     2450.0
    2268   -0.059990     1700.0
    2269   -0.137427     3890.0
    2270    0.000000        0.0
    2271    0.000000        0.0
    2272   -4.442396   123100.0
    2273    0.000000        0.0
    2274   -0.113635     3210.0
    2275    0.000000        0.0
    2276   -3.964267   109360.0
    2277   -5.928538   162680.0
    2278   -0.011615      300.0
    2279   -3.573583    99750.0
    2280    0.000000        0.0
    2281    0.000000        0.0
    2282   -3.028955    84710.0
    2283    0.000000        0.0
    2284  -10.036368   271440.0
    2285    0.000000        0.0
    2286  -11.797271   317880.0
    2287   -6.613378   183120.0
    2288  -29.914715   758930.0
    2289    0.000000        0.0
    2290  -17.116455   437090.0
    2291    0.000000        0.0
    2292   -7.099577   191120.0
    2293    0.000000        0.0
    2294    0.000000        0.0
    2295   -0.021306      580.0
    2296   -8.533969   231110.0
    2297   -7.902462   214670.0
    2298   -0.132417     3680.0
    2299   -0.087722     2480.0
    2300    0.000000        0.0
    2301  -27.342319   678060.0
    2302    0.000000        0.0
    2303  -15.957573   416240.0
    2304  -25.104124   647790.0
    2305    0.000000        0.0
    2306    0.000000        0.0
    2307    0.000000        0.0
    2308    0.000000        0.0
    2309    0.000000        0.0
    2310   -6.803000   186910.0
    2311   -5.521615   153470.0
    2312   -9.133274   248490.0
    2313    0.000000        0.0
    2314   -0.108674     3070.0
    2315   -0.062424     1780.0
    2316   -0.004910      140.0
    2317   -3.456861    97160.0
    2318    0.000000        0.0
    2319   -0.035486     1010.0
    2320   -1.527000    42680.0
    2321   -2.064903    58660.0
    2322    0.000000        0.0
    2323    0.000000        0.0
    2324    0.000000        0.0
    2325    0.000000        0.0
    2326   -0.015351      440.0
    2327    0.000000        0.0
    2328   -0.098253     2750.0
    2329  -14.908143   393900.0
    2330   -0.123385     3440.0
    2331    0.000000        0.0
    2332   -0.167958     4720.0
    2333    0.000000        0.0
    2334    0.000000        0.0
    2335   -7.374302   198670.0
    2336   -0.175097     4890.0
    2337   -4.058257   111670.0
    2338    0.000000        0.0
    2339   -0.097184     2750.0
    2340   -4.542740   127390.0
    2341    0.000000        0.0
    2342   -8.388701   228660.0
    2343    0.000000        0.0
    2344   -0.003125       90.0
    2345    0.000000        0.0
    2346    0.000000        0.0
    2347    0.000000        0.0
    2348    0.000000        0.0
    2349  -10.471375   268900.0
    2350   -0.013257      380.0
    2351   -0.020271      580.0
    2352   -0.001743       50.0
    2353   -2.093795    59040.0
    2354   -0.010788      310.0
    2355    0.000000        0.0
    2356   -0.451899    12360.0
    2357    0.000000        0.0
    2358    0.000000        0.0
    2359   -3.162781    88270.0
    2360   -0.585622    16170.0
    2361    0.000000        0.0
    2362   -2.663688    74050.0
    2363   -3.152052    89030.0
    2364    0.000000        0.0
    2365    0.000000        0.0
    2366   -2.268108    62970.0
    2367    0.000000        0.0
    2368   -8.385545   222060.0
    2369   -7.167774   194680.0
    2370    0.000000        0.0
    2371    0.000000        0.0
    2372    0.000000        0.0
    2373   -1.939969    55040.0
    2374    0.000000        0.0
    2375   -3.744382   104560.0
    2376   -0.164139     4600.0
    2377   -9.423615   254750.0
    2378    0.000000        0.0
    2379   -0.002083       60.0
    2380   -0.007292      210.0
    2381   -0.032833      930.0
    2382    0.000000        0.0
    2383   -0.466434    12280.0
    2384   -5.759729   156710.0
    2385   -1.505281    37860.0
    2386   -0.496990    13770.0
    2387   -0.028979      830.0
    2388   -0.000694       20.0
    2389   -6.162767   170140.0
    2390   -0.039035     1120.0
    2391   -1.917556    54810.0
    2392   -2.776469    79170.0
    2393   -0.074313     2110.0
    2394   -3.713271   103140.0
    2395  -24.759705   616750.0
    2396   -1.206622    31360.0
    2397  -34.432670   824600.0
    2398   -0.020743      550.0
    2399  -27.503441   683990.0
    2400    0.000000        0.0
    2401    0.000000        0.0
    2402    0.000000        0.0
    2403   -5.759264   156970.0
    2404    0.000000        0.0
    2405    0.000000        0.0
    2406    0.000000        0.0
    2407   -0.041431     1170.0
    2408    0.000000        0.0
    2409  -16.570420   397800.0
    2410   -0.111299     3110.0
    2411    0.000000        0.0
    2412    0.000000        0.0
    2413   -5.550469   154160.0
    2414   -2.510340    71450.0
    2415   -8.246851   227320.0
    2416   -0.979962    25220.0
    2417   -0.040191     1140.0
    2418   -1.723920    43860.0
    2419   -0.439899    10910.0
    2420   -0.002188       60.0
    2421    0.000000        0.0
    2422   -0.528142    14130.0
    2423    0.000000        0.0
    2424   -0.000069        0.0
    2425  -13.000701   348330.0
    2426   -0.001500       40.0
    2427    0.000000        0.0
    2428   -2.187785    61810.0
    2429   -1.972312    56080.0
    2430    0.000000        0.0
    2431   -2.676257    75200.0
    2432    0.000000        0.0
    2433   -5.270622   145940.0
    2434    0.000000        0.0
    2435   -8.517122   221580.0
    2436    0.000000        0.0
    2437   -1.110771    29600.0
    2438   -0.713462    18720.0
    2439   -0.102090     2880.0
    2440   -0.069833     1980.0
    2441   -0.018170      480.0
    2442   -4.432674   123060.0
    2443    0.000000        0.0
    2444   -7.664094   206140.0
    2445    0.000000        0.0
    2446   -5.842087   159000.0
    2447   -4.885038   136930.0
    2448   -0.096156     2720.0
    2449   -0.072549     2060.0
    2450   -0.303556     8480.0
    2451    0.000000        0.0
    2452    0.000000        0.0
    2453    0.000000        0.0
    2454   -3.097538    86980.0
    2455  -13.849563   367720.0
    2456  -13.046993   346670.0
    2457  -24.698518   625630.0
    2458   -0.081333     2270.0
    2459   -1.793448    50450.0
    2460   -2.814528    79250.0
    2461    0.000000        0.0
    2462   -1.643816    46690.0
    2463   -1.297444    36980.0
    2464   -4.734378   130720.0
    2465    0.000000        0.0
    2466   -1.561556    44410.0
    2467  -22.594275   575910.0
    2468   -0.713510    19030.0
    2469   -9.120410   245500.0
    2470   -1.442910    35550.0
    2471    0.000000        0.0
    2472    0.000000        0.0
    2473   -4.126490   115740.0
    2474    0.000000        0.0
    2475   -0.032531      930.0
    2476   -2.120656    60320.0
    2477    0.000000        0.0
    2478    0.000000        0.0
    2479   -5.988892   167020.0
    2480    0.000000        0.0
    2481   -5.980302   166430.0
    2482   -0.210917     5910.0
    2483   -2.260476    63530.0
    2484   -0.018424      530.0
    2485   -0.004559      130.0
    2486   -0.121608     3450.0
    2487   -6.836142   184720.0
    2488   -7.406462   200240.0
    2489  -10.677278   283520.0
    2490   -6.325226   170890.0
    2491    0.000000        0.0
    2492    0.000000        0.0
    2493   -0.000694       20.0
    2494    0.000000        0.0
    2495   -0.021979      630.0
    2496   -3.861427   107790.0
    2497   -0.015698      450.0
    2498   -3.145361    88490.0
    2499   -0.319285     8960.0
    2500   -1.957684    55310.0
    2501   -2.295576    65070.0
    2502   -4.251774   118910.0
    2503   -0.157844     4300.0
    2504   -0.025444      700.0
    2505  -10.783264   287270.0
    2506   -2.034472    55140.0
    2507   -0.000021        0.0
    2508  -18.307149   470160.0
    2509  -22.072448   554410.0
    2510   -0.307451     8290.0
    2511   -0.092458     2610.0
    2512   -0.062958     1680.0
    2513   -0.223958     6270.0
    2514   -5.302687   147870.0
    2515  -21.121996   530190.0
    2516  -23.920400   601880.0
    2517   -0.000049        0.0
    2518    0.000000        0.0
    2519   -3.476281    97020.0
    2520    0.000000        0.0
    2521    0.000000        0.0
    2522    0.000000        0.0
    2523   -7.076906   194590.0
    2524   -3.778254   105640.0
    2525   -0.032531      930.0
    2526   -0.099212     2820.0
    2527   -0.058337     1650.0
    2528  -12.299309   312400.0
    2529   -0.000010        0.0
    2530   -0.077274     2160.0
    2531  -26.589080   648530.0
    2532  -24.513594   586500.0
    2533   -0.010378      190.0
    2534   -0.001167        0.0
    2535   -2.286545    63450.0
    2536   -4.481226   124120.0
    2537   -0.056024     1600.0
    2538    0.000000        0.0
    2539   -3.551149    99260.0
    2540   -3.378219    95770.0
    2541   -0.074233     2110.0
    2542   -7.774042   213220.0
    2543    0.000000        0.0
    2544    0.000000        0.0
    2545    0.000000        0.0
    2546   -3.924177   109270.0
    2547    0.000000        0.0
    2548    0.000000        0.0
    2549    0.000000        0.0
    2550   -3.694698   103880.0
    2551    0.000000        0.0
    2552    0.000000        0.0
    2553   -0.000028        0.0
    2554   -5.480722   152270.0
    2555   -2.098118    58850.0
    2556    0.000000        0.0
    2557    0.000000        0.0
    2558    0.000000        0.0
    2559  -11.768406   315890.0
    2560  -15.289632   399350.0
    2561    0.000000        0.0
    2562   -0.018868      480.0
    2563    0.000000        0.0
    2564   -0.006250      180.0
    2565   -2.677656    75650.0
    2566    0.000000        0.0
    2567   -2.503580    70750.0
    2568   -4.568771   127650.0
    2569   -3.468306    95860.0
    2570   -0.056687     1620.0
    2571   -0.014243      410.0
    2572   -0.000003        0.0
    2573    0.000000        0.0
    2574    0.000000        0.0
    2575   -0.411097    11050.0
    2576    0.000000        0.0
    2577  -26.117104   654670.0
    2578   -0.000024        0.0
    2579    0.000000        0.0
    2580   -0.056024     1600.0
    2581   -0.019500      560.0
    2582   -0.013889      400.0
    2583    0.000000        0.0
    2584  -17.640229   466150.0
    2585    0.000000        0.0
    2586    0.000000        0.0
    2587   -0.036316     1040.0
    2588    0.000000        0.0
    2589    0.000000        0.0
    2590    0.000000        0.0
    2591    0.000000        0.0
    2592   -4.651024   130660.0
    2593    0.000000        0.0
    2594   -7.534833   208100.0
    2595    0.000000        0.0
    2596    0.000000        0.0
    2597   -0.051878     1480.0
    2598    0.000000        0.0
    2599   -6.027011   164850.0
    2600    0.000000        0.0
    2601    0.000000        0.0
    2602   -0.058021     1650.0
    2603   -0.004556      130.0
    2604   -0.009028      260.0
    2605   -3.380038    95280.0
    2606    0.000000        0.0
    2607   -0.003135       90.0
    2608   -5.313340   145330.0
    2609   -9.062007   241680.0
    2610    0.000000        0.0
    2611   -0.004910      140.0
    2612    0.000000        0.0
    2613   -3.325115    93800.0
    2614   -0.013549      390.0
    2615   -0.013257      380.0
    2616   -4.900323   137300.0
    2617   -2.334299    65900.0
    2618    0.000000        0.0
    2619   -6.043646   168010.0
    2620    0.000000        0.0
    2621    0.000000        0.0
    2622   -4.914458   135340.0
    2623    0.000000        0.0
    2624    0.000000        0.0
    2625   -4.684726   129250.0
    2626    0.000000        0.0
    2627    0.000000        0.0
    2628    0.000000        0.0
    2629    0.000000        0.0
    2630    0.000000        0.0
    2631    0.000000        0.0
    2632    0.000000        0.0
    2633   -2.473437    70360.0
    2634   -0.026920      770.0
    2635   -6.079861   162450.0
    2636   -1.330160    36300.0
    2637   -1.274125    34760.0
    2638   -0.564986    14850.0
    2639    0.000000        0.0
    2640    0.000000        0.0
    2641  -19.067250   498000.0
    2642  -36.856518   918920.0
    2643    0.000000        0.0
    2644   -0.001743       50.0
    2645    0.000000        0.0
    2646   -0.081549     2290.0
    2647   -6.352854   174700.0
    2648   -0.011111      320.0
    2649   -2.033132    58030.0
    2650   -0.959597    27530.0
    2651   -1.135156    28600.0
    2652   -0.425462    11090.0
    2653   -0.001149       30.0
    2654  -14.307167   378960.0
    2655   -0.065510     1860.0
    2656   -5.019802   140950.0
    2657    0.000000        0.0
    2658    0.000000        0.0
    2659    0.000000        0.0
    2660   -0.157882     4330.0
    2661   -0.104476     2830.0
    2662   -0.063514     1650.0
    2663   -4.159011   113860.0
    2664   -6.797524   184410.0
    2665   -0.013222      380.0
    2666   -7.616160   204260.0
    2667    0.000000        0.0
    2668   -2.612142    73830.0
    2669    0.000000        0.0
    2670   -1.573340    44650.0
    2671    0.000000        0.0
    2672    0.000000        0.0
    2673  -12.823160   335910.0
    2674   -8.377795   230700.0
    2675   -0.080806     2280.0
    2676    0.000000        0.0
    2677    0.000000        0.0
    2678   -8.143889   221260.0
    2679   -0.078344     2220.0
    2680    0.000000        0.0
    2681    0.000000        0.0
    2682   -0.004514      130.0
    2683  -27.871643   695480.0
    2684  -25.745677   646110.0
    2685  -25.275086   645640.0
    2686  -18.664389   479640.0
    2687    0.000000        0.0
    2688    0.000000        0.0
    2689   -0.087764     2480.0
    2690   -9.876632   267720.0
    2691   -6.087278   169630.0
    2692   -0.221299     6150.0
    2693   -0.124774     3500.0
    2694   -7.321809   204860.0
    2695   -0.023951      600.0
    2696  -12.477489   328520.0
    2697   -1.625326    45360.0
    2698   -0.040531     1040.0
    2699   -0.000292        0.0
    2700   -7.558809   204600.0
    2701   -0.000097        0.0
    2702    0.000000        0.0
    2703   -0.157858     4200.0
    2704    0.000000        0.0
    2705  -18.021056   453650.0
    2706  -14.077705   369290.0
    2707    0.000000        0.0
    2708    0.000000        0.0
    2709   -0.014938      430.0
    2710   -6.154927   169030.0
    2711    0.000000        0.0
    2712   -0.104854     2970.0
    2713    0.000000        0.0
    2714   -0.089792     2550.0
    2715   -0.101174     2850.0
    2716   -6.813063   187050.0
    2717    0.000000        0.0
    2718   -9.713545   261290.0
    2719   -3.907309   110300.0
    2720    0.000000        0.0
    2721   -0.005903      170.0
    2722    0.000000        0.0
    2723   -0.044104     1260.0
    2724    0.000000        0.0
    2725   -0.009375      270.0
    2726   -0.012510      360.0
    2727   -7.347878   202320.0
    2728   -1.957656    54960.0
    2729   -0.018844      540.0
    2730   -1.479490    42290.0
    2731   -0.265167     7140.0
    2732   -0.000549        0.0
    2733    0.000000        0.0
    2734   -0.027524      790.0
    2735  -16.172813   423030.0
    2736   -0.202451     5480.0
    2737   -0.094368     2640.0
    2738   -0.186517     5150.0
    2739    0.000000        0.0
    2740   -0.012542      360.0
    2741   -4.659101   129660.0
    2742   -4.861129   136410.0
    2743   -3.541535   100070.0
    2744  -11.716830   316290.0
    2745   -0.012559      360.0
    2746    0.000000        0.0
    2747   -0.197413     4930.0
    2748   -0.932663    24590.0
    2749   -0.409024    10500.0
    2750   -0.841076    19810.0
    2751   -0.158601     4250.0
    2752   -0.745031    18000.0
    2753   -0.305128     7810.0
    2754   -1.455920    39100.0
    2755   -0.921326    23240.0
    2756   -0.744069    18750.0
    2757   -0.875385    20860.0
    2758   -1.181028    31420.0
    2759   -3.629691    91440.0
    2760   -0.041170     1170.0
    2761  -20.280125   511460.0
    2762    0.000000        0.0
    2763    0.000000        0.0
    2764   -0.022028      620.0
    2765    0.000000        0.0
    2766   -0.013052      370.0
    2767    0.000000        0.0
    2768   -6.611597   176240.0
    2769    0.000000        0.0
    2770   -7.236517   193910.0
    2771    0.000000        0.0
    2772  -27.235358   654380.0
    2773  -24.309580   593170.0
    2774   -0.000347       10.0
    2775    0.000000        0.0
    2776   -5.308292   147660.0
    2777   -3.580087   100610.0
    2778   -2.391733    67200.0
    2779    0.000000        0.0
    2780   -1.290073    36870.0
    2781   -2.533899    71230.0
    2782    0.000000        0.0
    2783    0.000000        0.0
    2784    0.000000        0.0
    2785    0.000000        0.0
    2786   -2.410559    67810.0
    2787    0.000000        0.0
    2788   -4.352177   121910.0
    2789   -3.058611    86250.0
    2790   -0.036865     1060.0
    2791    0.000000        0.0
    2792    0.000000        0.0
    2793    0.000000        0.0
    2794   -1.787201    51280.0
    2795   -4.637649   128300.0
    2796   -0.021632      620.0
    2797   -5.413708   151340.0
    2798    0.000000        0.0
    2799    0.000000        0.0
    2800    0.000000        0.0
    2801   -0.011458      330.0
    2802   -0.019500      560.0
    2803   -1.166545    31080.0
    2804   -1.987330    51090.0
    2805   -1.520076    41910.0
    2806   -0.847403    22400.0
    2807    0.000000        0.0
    2808    0.000000        0.0
    2809    0.000000        0.0
    2810    0.000000        0.0
    2811   -5.276899   146780.0
    2812   -0.004514      130.0
    2813    0.000000        0.0
    2814    0.000000        0.0
    2815   -3.670111   101970.0
    2816   -0.870990    22400.0
    2817   -1.151083    30230.0
    2818   -1.241243    32760.0
    2819  -11.983125   320290.0
    2820   -0.040201     1140.0
    2821    0.000000        0.0
    2822   -0.000726        0.0
    2823  -22.373875   585510.0
    2824    0.000000        0.0
    2825    0.000000        0.0
    2826    0.000000        0.0
    2827   -0.024667      640.0
    2828    0.000000        0.0
    2829  -13.286316   351360.0
    2830  -25.407284   655630.0
    2831   -4.299431   119350.0
    2832    0.000000        0.0
    2833    0.000000        0.0
    2834   -1.351774    38070.0
    2835    0.000000        0.0
    2836   -2.817750    79360.0
    2837    0.000000        0.0
    2838   -2.187715    62010.0
    2839   -0.015448      440.0
    2840   -0.000010        0.0
    2841  -12.349750   328330.0
    2842   -9.826528   266390.0
    2843  -13.018854   344760.0
    2844    0.000000        0.0
    2845    0.000000        0.0
    2846   -6.671194   182470.0
    2847   -0.021632      620.0
    2848    0.000000        0.0
    2849    0.000000        0.0
    2850   -0.033316      950.0
    2851   -4.483510   121380.0
    2852   -5.449437   148240.0
    2853    0.000000        0.0
    2854    0.000000        0.0
    2855   -1.827372    49530.0
    2856   -1.219767    32730.0
    2857  -11.036635   295900.0
    2858   -6.087090   163440.0
    2859    0.000000        0.0
    2860    0.000000        0.0
    2861   -0.001389       40.0
    2862   -4.224938   115630.0
    2863   -0.040951     1170.0
    2864    0.000000        0.0
    2865   -0.132302     3750.0
    2866   -1.756642    50150.0
    2867   -9.003375   243820.0
    2868  -17.910142   475330.0
    2869  -20.932903   541900.0
    2870  -16.481289   439500.0
    2871   -4.046413   113830.0
    2872    0.000000        0.0
    2873   -0.010788      310.0
    2874   -3.939889   111210.0
    2875  -10.280077   278270.0
    2876   -0.000028        0.0
    2877    0.000000        0.0
    2878    0.000000        0.0
    2879   -0.011458      330.0
    2880   -0.072309     2060.0
    2881   -0.111913     3180.0
    2882    0.000000        0.0
    2883   -1.227378    35150.0
    2884   -4.687323   130620.0
    2885   -0.034438      990.0
    2886    0.000000        0.0
    2887   -0.032767      940.0
    2888    0.000000        0.0
    2889   -3.083132    85360.0
    2890   -0.024045      690.0
    2891   -0.002778       80.0
    2892   -4.946913   139150.0
    2893   -5.745573   160790.0
    2894   -0.028729      820.0
    2895   -0.180243     5000.0
    2896   -0.000028        0.0
    2897   -3.523799    97160.0
    2898   -4.586976   127010.0
    2899    0.000000        0.0
    2900   -2.955955    83660.0
    2901   -4.043927   112660.0
    2902    0.000000        0.0
    2903   -5.703163   157720.0
    2904    0.000000        0.0
    2905    0.000000        0.0
    2906    0.000000        0.0
    2907   -0.005639      160.0
    2908   -0.011472      320.0
    2909   -1.633771    46630.0
    2910   -0.017090      480.0
    2911   -0.068729     1950.0
    2912   -0.048458     1380.0
    2913   -0.068729     1950.0
    2914   -6.031323   168700.0
    2915   -7.385577   199780.0
    2916  -10.217198   275510.0
    2917   -0.007986      230.0
    2918    0.000000        0.0
    2919   -8.450462   233520.0
    2920   -0.100528     2830.0
    2921   -0.100285     2830.0
    2922    0.000000        0.0
    2923    0.000000        0.0
    2924   -6.681802   182190.0
    2925   -4.984531   137190.0
    2926   -7.227194   194520.0
    2927    0.000000        0.0
    2928    0.000000        0.0
    2929    0.000000        0.0
    2930    0.000000        0.0
    2931   -0.087139     2480.0
    2932   -0.124604     3510.0
    2933   -0.158927     4480.0
    2934   -0.871465    25020.0
    2935    0.000000        0.0
    2936    0.000000        0.0
    2937   -0.013194      380.0
    2938   -4.513931   127300.0
    2939   -4.767288   131060.0
    2940   -1.071750    30540.0
    2941    0.000000        0.0
    2942    0.000000        0.0
    2943    0.000000        0.0
    2944   -9.838333   267940.0
    2945    0.000000        0.0
    2946  -11.323837   307090.0
    2947  -26.239243   667220.0
    2948  -19.358361   507700.0
    2949  -15.014743   389930.0
    2950    0.000000        0.0
    2951   -8.024799   220460.0
    2952   -0.259403     7140.0
    2953   -0.000097        0.0
    2954  -11.970149   319150.0
    2955    0.000000        0.0
    2956   -0.858059    22670.0
    2957   -0.003490      100.0
    2958   -0.003490      100.0
    2959   -0.000021        0.0
    2960   -0.110472     3120.0
    2961   -0.121125     3420.0
    2962   -5.366198   149280.0
    2963   -1.232906    34910.0
    2964   -0.013257      380.0
    2965   -0.228701     6440.0
    2966    0.000000        0.0
    2967   -0.011847      340.0
    2968    0.000000        0.0
    2969    0.000000        0.0
    2970   -1.186660    34020.0
    2971   -3.466007    97790.0
    2972    0.000000        0.0
    2973    0.000000        0.0
    2974   -0.010764      310.0
    2975   -3.599524   101770.0
    2976   -0.099698     2820.0
    2977   -4.055632   114160.0
    2978    0.000000        0.0
    2979    0.000000        0.0
    2980    0.000000        0.0
    2981    0.000000        0.0
    2982   -2.298760    64060.0
    2983   -4.807725   133000.0
    2984    0.000000        0.0
    2985    0.000000        0.0
    2986    0.000000        0.0
    2987    0.000000        0.0
    2988   -0.002441       70.0
    2989   -0.017774      510.0
    2990   -1.632597    46500.0
    2991  -13.076264   346140.0
    2992   -0.259392     7140.0
    2993   -0.124878     3500.0
    2994  -10.937931   290050.0