 sum_reward
      -30.0
      -30.0
      -30.0
      -30.0
      -30.0
      -30.0
      -30.0
      -30.0
      -30.0
      -30.0
      -30.0
      -30.0
      -30.0
      -30.0
      -30.0
      -30.0
      -30.0
      -30.0
      -30.0
      -30.0
      -30.0
      -30.0
      -30.0
      -30.0
      -30.0
      -30.0
      -30.0
      -30.0
      -30.0
      -30.0
      -30.0
      -30.0
      -30.0
      -30.0
      -30.0
      -30.0
      -30.0
      -30.0
      -30.0
      -30.0
      -30.0
      -30.0
      -30.0
      -30.0
      -30.0
      -30.0
      -30.0
      -30.0
      -30.0
      -30.0
      -28.0
       -6.0
        0.0
      -16.0
       -4.0
      -14.0
       -8.0
       -8.0
      -12.0
       -6.0
      -20.0
      -30.0
      -28.0
      -30.0
      -30.0
      -30.0
      -30.0
      -28.0
      -24.0
      -24.0
      -24.0
      -26.0
      -26.0
      -28.0
      -24.0
      -24.0
      -30.0
      -30.0
      -30.0
      -30.0
      -30.0
      -30.0
      -30.0
      -30.0
      -30.0
      -30.0
      -30.0
      -30.0
      -30.0
      -30.0
      -30.0
      -30.0
      -30.0
      -30.0
      -30.0
      -30.0
      -30.0
      -30.0
      -30.0
      -30.0
      -30.0
      -30.0
      -30.0
      -30.0
      -30.0
      -30.0
      -30.0
      -30.0
      -30.0
      -30.0
      -30.0
      -30.0
      -30.0
      -30.0
      -30.0
      -30.0
      -30.0
      -30.0
      -30.0
      -30.0
      -30.0
      -30.0
      -30.0
      -30.0
      -30.0
      -30.0
      -30.0
      -30.0
      -30.0
      -30.0
      -30.0
      -30.0
      -30.0
      -30.0
      -16.0
      -24.0
      -20.0
      -16.0
      -20.0
      -16.0
      -14.0
      -26.0
      -20.0
      -18.0
      -22.0
      -22.0
      -20.0
        0.0
       -4.0
        0.0
       -2.0
       -4.0
       -8.0
      -10.0
       -2.0
       -4.0
       -6.0
      -12.0
       -6.0
       -2.0
      -10.0
      -20.0
      -18.0
      -12.0
       -2.0
       -6.0
      -28.0
      -28.0
      -26.0
      -30.0
      -30.0
      -30.0
      -30.0
      -30.0
      -30.0
      -30.0
      -30.0
      -30.0
      -30.0
      -30.0
      -30.0
      -30.0
      -30.0
      -30.0
      -30.0
      -30.0
      -30.0
      -30.0
      -30.0
      -30.0
      -30.0
      -30.0
      -30.0
      -30.0
      -30.0
      -30.0
      -30.0
      -30.0
      -30.0
      -30.0
      -30.0
      -30.0
      -30.0
      -30.0
      -30.0
      -30.0
      -30.0
      -30.0
      -30.0
      -30.0
      -30.0
      -30.0
      -30.0
      -30.0
      -30.0
      -30.0
      -30.0
      -30.0
      -30.0
      -30.0
      -30.0
      -30.0
      -30.0
      -30.0
      -30.0
      -30.0
      -30.0
      -30.0
      -30.0
      -30.0
      -30.0
      -30.0
      -30.0
      -30.0
      -30.0
      -30.0
      -30.0
      -30.0
      -30.0
      -30.0
      -30.0
      -30.0
      -30.0
      -30.0
      -30.0
      -30.0
      -30.0
      -30.0
      -30.0
      -30.0
      -30.0
      -30.0
      -30.0
      -30.0
      -30.0
      -30.0
      -30.0
      -30.0
      -30.0
      -30.0
      -30.0
      -30.0
      -30.0
      -30.0
      -30.0
      -30.0
      -30.0
      -30.0
      -30.0
      -30.0
      -30.0
      -30.0
      -30.0
      -30.0
      -30.0
      -30.0
      -30.0
      -30.0
      -30.0
      -30.0
       -8.0
      -10.0
      -30.0
      -30.0
      -30.0
       -6.0
       -2.0
        0.0
        2.0
       -4.0
      -10.0
       -4.0
       -4.0
        4.0
        4.0
        2.0
       -2.0
      -12.0
       -4.0
        4.0
        0.0
       -8.0
       -2.0
      -10.0
       -4.0
       -2.0
        0.0
       -8.0
        6.0
        2.0
       -4.0
       -2.0
       -4.0
       -4.0
       -4.0
       12.0
       -4.0
       -8.0
        2.0
       16.0
      -24.0
      -30.0
      -30.0
      -30.0
      -30.0
      -30.0
      -30.0
      -30.0
      -30.0
      -30.0
      -30.0
      -30.0
      -30.0
      -30.0
      -30.0
      -30.0
      -30.0
      -30.0
      -30.0
      -30.0
      -26.0
      -30.0
      -30.0
      -30.0
      -30.0
      -30.0
      -30.0
      -30.0
      -30.0
      -30.0
      -24.0
      -30.0
      -26.0
      -28.0
      -30.0
      -26.0
      -28.0
      -22.0
      -10.0
      -30.0
      -20.0
      -30.0
      -20.0
      -30.0
      -30.0
      -30.0
      -30.0
      -24.0
      -30.0
      -30.0
      -20.0
      -26.0
      -30.0
      -30.0
      -20.0
      -30.0
      -30.0
      -30.0
      -30.0
      -22.0
      -22.0
      -22.0
      -22.0
      -30.0
      -30.0
      -30.0
      -30.0
      -30.0
      -30.0
      -30.0
      -30.0
      -30.0
      -30.0
      -28.0
      -30.0
      -30.0
      -30.0
      -30.0
      -28.0
      -28.0
      -30.0
      -30.0
      -28.0
      -30.0
      -28.0
      -30.0
      -28.0
      -30.0
      -28.0
      -28.0
      -30.0
      -28.0
      -28.0
      -30.0
      -30.0
      -30.0
      -30.0
      -30.0
      -30.0
      -30.0
      -30.0
      -30.0
      -30.0
      -30.0
      -28.0
      -28.0
      -28.0
      -28.0
      -26.0
      -30.0
      -28.0
      -30.0
      -28.0
      -28.0
      -28.0
      -30.0
      -30.0
      -30.0
      -30.0
      -30.0
      -30.0
      -30.0
      -30.0
      -30.0
      -30.0
      -30.0
      -30.0
      -30.0
      -30.0
      -30.0
      -30.0
      -30.0
      -30.0
      -30.0
      -30.0
      -30.0
      -30.0
      -30.0
      -30.0
      -30.0
      -30.0
      -30.0
      -30.0
      -30.0
      -30.0
      -30.0
      -30.0
      -30.0
      -30.0
      -30.0
      -30.0
      -30.0
      -30.0
      -24.0
        0.0
        0.0
        0.0
        0.0
        0.0
        8.0
       22.0
       10.0
       28.0
       16.0
       12.0
        0.0
       10.0
       20.0
       18.0
       18.0
       16.0
       18.0
      -30.0
      -30.0
      -30.0
      -30.0
      -30.0
      -30.0
      -30.0
      -30.0
      -30.0
      -30.0
      -30.0
      -30.0
      -30.0
      -30.0
      -30.0
      -30.0
      -30.0
      -30.0
      -30.0
      -30.0
      -30.0
      -30.0
      -30.0
      -30.0
       -8.0
       28.0
       24.0
      -20.0
      -28.0
      -28.0
      -28.0
      -24.0
      -28.0
      -30.0
      -30.0
      -30.0
      -30.0
      -30.0
      -30.0
      -30.0
      -30.0
      -30.0
      -28.0
      -24.0
      -28.0
      -24.0
      -26.0
      -26.0
      -30.0
      -30.0
      -24.0
      -22.0
      -24.0
      -30.0
      -30.0
      -30.0
      -30.0
      -30.0
      -30.0
      -30.0
      -30.0
      -30.0
      -30.0
      -30.0
      -30.0
      -30.0
      -30.0
      -30.0
      -30.0
      -30.0
      -30.0
      -30.0
      -30.0
      -30.0
      -30.0
      -30.0
      -30.0
      -30.0
      -30.0
      -30.0
      -30.0
      -30.0
      -30.0
      -30.0
      -28.0
      -22.0
      -16.0
      -10.0
      -14.0
      -14.0
      -14.0
      -10.0
      -16.0
       -6.0
        6.0
       -8.0
       -8.0
       -4.0
       -2.0
        0.0
        6.0
        8.0
       -2.0
        6.0
       14.0
       16.0
        4.0
       12.0
       10.0
       12.0
        8.0
       14.0
       12.0
        6.0
       10.0
      -28.0
      -30.0
      -30.0
      -30.0
      -30.0
      -30.0
      -30.0
      -30.0
      -30.0
      -30.0
      -30.0
      -30.0
      -30.0
      -30.0
      -30.0
      -30.0
      -30.0
      -30.0
      -30.0
      -30.0
      -28.0
      -28.0
      -30.0
      -30.0
      -30.0
      -30.0
      -30.0
      -30.0
      -30.0
      -30.0
      -24.0
      -26.0
      -30.0
      -30.0
      -30.0
      -26.0
      -26.0
      -30.0
      -30.0
      -30.0
      -26.0
      -30.0
      -24.0
      -28.0
      -24.0
      -28.0
      -30.0
      -30.0
      -30.0
      -30.0
      -18.0
       -8.0
      -14.0
      -12.0
      -22.0
      -28.0
      -30.0
      -30.0
      -30.0
      -30.0